*vertices 106
1 "AFG"
2 "ALB"
3 "ZIM"
4 "ANG"
5 "PRG"
6 "YUG"
7 "ARM"
8 "AUS"
9 "MON"
10 "AZE"
11 "SLR"
12 "YEM"
13 "BNG"
14 "VTN"
15 "VZA"
16 "BEL"
17 "BLZ"
18 "UZB"
19 "PER"
20 "BOS"
21 "BOT"
22 "USA"
23 "BUL"
24 "GBR"
25 "BUI"
26 "CMB"
27 "CAM"
28 "CAN"
29 "UAE"
30 "UKI"
31 "CHA"
32 "CHL"
33 "CHN"
34 "COL"
35 "UGA"
36 "CON"
37 "COS"
38 "CRO"
39 "CUB"
40 "CYP"
41 "CZR"
42 "MYR"
43 "DRC"
44 "DEN"
45 "DJI"
46 "TUR"
47 "NAM"
48 "ECU"
49 "EGY"
50 "ELS"
51 "TRI"
52 "ERI"
53 "SAU"
54 "ETH"
55 "THA"
56 "FRA"
57 "TNZ"
58 "TAJ"
59 "GRG"
60 "TWN"
61 "SYR"
62 "GER"
63 "GHA"
64 "GRC"
65 "NDL"
66 "GUA"
67 "GUI"
68 "RWA"
69 "GUY"
70 "NIC"
71 "HON"
72 "HUN"
73 "ICE"
74 "IND"
75 "INS"
76 "IRN"
77 "IRQ"
78 "RUS"
79 "ISR"
80 "ITA"
81 "CDI"
82 "SUD"
83 "JPN"
84 "JOR"
85 "KZK"
86 "KEN"
87 "KUW"
88 "KYG"
89 "NGA"
90 "LAT"
91 "LEB"
92 "NKR"
93 "LBR"
94 "LYB"
95 "NOR"
96 "LIT"
97 "LUX"
98 "MAC"
99 "ROM"
100 "ESP"
101 "KOR"
102 "PAK"
103 "PHL"
104 "SOL"
105 "POL"
106 "PNG"
*edges 147
35 3
68 3
22 6
24 6
46 6
100 6
78 6
5 6
105 6
95 6
65 6
98 6
97 6
96 6
80 6
73 6
72 6
64 6
62 6
56 6
44 6
41 6
38 6
28 6
16 6
2 6
33 9
7 10
89 11
93 11
67 11
63 11
53 12
52 12
103 14
33 14
26 14
51 15
69 15
34 15
58 18
88 18
1 18
48 19
92 22
93 22
76 22
39 22
61 22
82 22
78 22
94 22
77 22
33 22
28 22
1 22
78 24
77 24
32 24
77 29
99 30
78 30
86 35
43 35
31 35
82 35
68 35
47 35
4 36
20 38
36 43
4 43
40 46
61 46
78 46
77 46
76 46
64 46
21 47
45 52
52 54
42 55
26 55
25 57
1 58
10 59
83 60
33 60
79 61
2 64
77 65
17 66
47 68
43 68
31 68
71 70
50 70
37 70
13 74
33 75
8 75
1 76
76 77
64 77
62 77
56 77
49 77
90 78
5 78
105 78
95 78
65 78
83 78
80 78
62 78
59 78
56 78
44 78
28 78
16 78
10 78
1 78
77 79
77 80
67 81
54 82
52 82
49 82
33 83
77 84
23 85
54 86
77 87
1 88
27 89
93 89
79 91
83 92
33 92
67 93
2 98
78 100
92 101
83 101
74 102
33 103
106 104
