mS#id1	mS#id2	mD#data	C#preferential	C#jaccard	C#adamic_adar	D#louvain	D#infomap	cD#class
39	86	train	77	0.2857142857142857	1.8792571823100066	1	1	1
34	90	train	72	0.21428571428571427	1.3652252156972489	1	1	1
6	91	train	88	0.05555555555555555	0.45511961331341866	0	0	1
82	85	train	64	0.3333333333333333	1.731995521235727	1	1	1
17	68	train	90	0.05555555555555555	0.45511961331341866	0	0	1
61	72	train	64	0.0	0	0	0	1
19	32	train	60	0.14285714285714285	1.0277966847395015	1	1	1
20	34	train	72	0.0	0	0	0	1
6	85	train	88	0.26666666666666666	1.7700827431248989	1	1	1
7	107	train	90	0.11764705882352941	0.8685889638065035	1	1	1
3	65	train	100	0.25	1.7788281904333407	1	1	1
31	110	train	100	0.05263157894736842	0.45511961331341866	0	0	1
16	33	train	96	0.17647058823529413	1.3237085771199222	1	1	1
41	73	train	88	0.1875	1.4499163026461572	1	1	1
62	93	train	88	0.0	0	0	0	1
27	62	train	72	0.13333333333333333	0.9690179556831694	1	1	1
2	104	train	88	0.35714285714285715	2.2927265328030915	1	1	1
87	88	train	54	0.0	0	0	0	1
62	100	train	56	0.07142857142857142	0.43429448190325176	1	1	1
22	23	train	64	0.3333333333333333	1.80460692408291	1	1	1
26	107	train	90	0.0	0	0	0	1
59	89	train	77	0.0	0	0	0	1
99	108	train	88	0.35714285714285715	2.3478470410333916	1	1	1
73	82	train	64	0.06666666666666667	0.4170323914242463	1	1	1
60	77	train	40	0.08333333333333333	0.48089834696298783	0	0	1
5	10	train	90	0.35714285714285715	2.2805516688064955	1	1	1
6	53	train	77	0.125	0.8340647828484926	1	1	1
7	65	train	90	0.26666666666666666	1.783781792672743	1	1	1
70	96	train	80	0.0	0	0	0	1
53	113	train	70	0.0	0	0	0	1
60	98	train	35	0.2	1.0277966847395015	1	1	1
14	101	train	90	0.35714285714285715	2.2070365284647546	1	1	1
28	96	train	70	0.21428571428571427	1.4169163072393944	1	1	1
69	79	train	90	0.26666666666666666	1.8462571869032436	1	1	1
40	55	train	63	0.06666666666666667	0.4170323914242463	0	0	1
81	106	train	63	0.06666666666666667	0.43429448190325176	0	0	1
47	112	train	90	0.05555555555555555	0.48089834696298783	0	0	1
23	69	train	80	0.2	1.4169163072393944	1	1	1
41	103	train	77	0.2857142857142857	1.7700827431248993	1	1	1
57	71	train	64	0.14285714285714285	0.9481928242730024	1	1	1
31	36	train	90	0.26666666666666666	1.872035920552813	1	1	1
5	70	train	72	0.0625	0.48089834696298783	1	1	1
2	110	train	110	0.4	2.8202287448258154	1	1	1
25	91	train	72	0.3076923076923077	1.9750269337906414	1	1	1
59	60	train	35	0.2	1.0277966847395015	1	1	1
27	43	train	54	0.07142857142857142	0.5138983423697507	1	1	1
23	78	train	80	0.2	1.3703124421796584	1	1	1
32	44	train	54	0.07142857142857142	0.45511961331341866	1	1	1
78	83	train	100	0.05263157894736842	0.43429448190325176	0	0	1
27	35	train	63	0.23076923076923078	1.494128586827654	1	1	1
52	109	train	72	0.21428571428571427	1.3237085771199222	1	1	1
35	43	train	42	0.18181818181818182	0.8894140952166705	1	1	1
50	89	train	55	0.14285714285714285	0.8685889638065035	1	1	1
2	58	train	99	0.0	0	0	0	1
104	110	train	80	0.5	2.7893627846938367	1	1	1
25	29	train	72	0.21428571428571427	1.4169163072393944	1	1	1
81	111	train	90	0.0	0	0	0	1
49	54	train	80	0.058823529411764705	0.45511961331341866	0	0	1
31	80	train	90	0.35714285714285715	2.2805516688064955	1	1	1
60	64	train	35	0.2	1.0277966847395015	1	1	1
68	111	train	100	0.3333333333333333	2.278026463685249	1	1	1
35	36	train	63	0.0	0	0	0	1
71	104	train	64	0.0	0	0	0	1
65	107	train	100	0.17647058823529413	1.344533708530089	1	1	1
1	34	train	90	0.05555555555555555	0.4170323914242463	0	0	1
54	111	train	100	0.3333333333333333	2.278026463685249	1	1	1
56	90	train	72	0.0	0	0	0	1
46	110	train	70	0.4166666666666667	2.2682431805668926	1	1	1
68	69	train	100	0.0	0	0	0	1
10	24	train	50	0.07142857142857142	0.45511961331341866	1	1	1
79	109	train	72	0.3076923076923077	1.7580030590231739	1	1	1
25	51	train	54	0.15384615384615385	0.9360179602764065	1	1	1
88	96	train	60	0.23076923076923078	1.424137568996588	1	1	1
34	46	train	63	0.45454545454545453	2.247418049156726	1	1	1
58	92	train	63	0.23076923076923078	1.3064464866409167	1	1	1
1	2	train	110	0.05	0.45511961331341866	0	0	1
5	105	train	81	0.2857142857142857	1.778828190433341	1	1	1
11	108	train	72	0.21428571428571427	1.4118290807569849	1	1	1
8	41	train	110	0.0	0	0	0	1
30	43	train	48	0.0	0	0	0	1
21	22	train	56	0.0	0	0	0	1
61	107	train	80	0.2857142857142857	1.7469633129119337	1	1	1
25	88	train	54	0.0	0	0	0	1
74	115	train	60	0.23076923076923078	1.3028834457097553	1	1	1
34	38	train	90	0.35714285714285715	2.3600219050299875	1	1	1
4	85	train	88	0.11764705882352941	0.8979307383872341	1	1	1
13	86	train	63	0.23076923076923078	1.3860503471074157	1	1	1
64	113	train	70	0.0625	0.5138983423697507	1	0	1
45	58	train	72	0.21428571428571427	1.3703124421796582	1	1	1
63	96	train	70	0.3076923076923077	1.9750269337906416	1	1	1
63	77	train	56	0.25	1.4290911712359904	1	1	1
43	58	train	54	0.0	0	0	0	1
55	72	train	56	0.15384615384615385	0.8513268733274981	1	1	1
3	75	train	90	0.11764705882352941	0.8979307383872341	0	0	1
18	96	train	90	0.26666666666666666	2.0410269246041675	1	1	1
40	48	train	90	0.1875	1.3176224332480841	1	1	1
48	61	train	80	0.125	0.8575492176952633	1	1	1
13	18	train	81	0.0	0	0	0	1
51	91	train	48	0.16666666666666666	0.9102392266268373	1	1	1
57	63	train	56	0.15384615384615385	0.9151928288662396	1	1	1
19	100	train	70	0.21428571428571427	1.5199073204772229	1	1	1
89	90	train	88	0.0	0	0	0	1
95	102	train	63	0.3333333333333333	1.872035920552813	1	1	1
14	65	train	90	0.26666666666666666	1.783781792672743	1	1	1
49	67	train	64	0.23076923076923078	1.3530503517006527	1	1	1
41	42	train	99	0.0	0	0	0	1
20	36	train	72	0.3076923076923077	1.8584320508998398	1	1	1
46	104	train	56	0.36363636363636365	1.7407409685441684	1	1	1
5	17	train	81	0.2857142857142857	1.80460692408291	1	1	1
66	71	train	48	0.16666666666666666	0.9690179556831694	1	1	1
21	63	train	49	0.07692307692307693	0.48089834696298783	1	1	1
76	108	train	72	0.0	0	0	0	1
28	97	train	42	0.18181818181818182	0.9360179602764065	1	1	1
23	109	train	64	0.45454545454545453	2.2180762745759948	1	1	1
76	77	train	72	0.13333333333333333	0.9947966893327386	0	0	1
12	91	train	72	0.3076923076923077	1.9111609782519	1	1	1
12	25	train	81	0.2	1.5199073204772229	1	1	1
67	93	train	88	0.1875	1.3703124421796582	1	1	1
15	39	train	77	0.2857142857142857	1.9050359159595758	1	1	1
76	87	train	81	0.2	1.378829085350222	1	1	1
84	85	train	48	0.0	0	0	0	1
39	72	train	88	0.1875	1.4620911666427532	1	1	1
47	48	train	100	0.0	0	0	0	1
70	84	train	48	0.07692307692307693	0.4170323914242463	0	0	1
106	110	train	70	0.3076923076923077	1.825432055493077	1	1	1
2	28	train	77	0.0	0	0	0	1
27	44	train	81	0.2	1.4118290807569849	1	1	1
67	113	train	80	0.2	1.3530503517006527	1	1	1
13	14	train	81	0.0	0	0	0	1
40	101	train	90	0.26666666666666666	1.7261381815017667	1	1	1
29	91	train	64	0.23076923076923078	1.391137573589825	1	1	1
45	113	train	80	0.2	1.391137573589825	1	1	1
22	69	train	80	0.2857142857142857	1.872035920552813	1	1	1
7	56	train	81	0.0	0	0	0	1
75	103	train	63	0.23076923076923078	1.2891843961619114	1	1	1
7	59	train	63	0.0	0	0	0	1
6	99	train	121	0.29411764705882354	2.4447129919788955	1	1	1
30	56	train	72	0.21428571428571427	1.4033124375864212	1	1	1
47	115	train	60	0.23076923076923078	1.3028834457097553	1	1	1
8	109	train	80	0.2857142857142857	1.851210789142646	1	1	1
4	27	train	99	0.0	0	0	0	1
49	93	train	88	0.26666666666666666	1.8462571869032436	1	1	1
81	95	train	81	0.125	0.8894140952166705	1	1	1
59	98	train	49	0.16666666666666666	1.1352332769293625	1	1	1
19	55	train	70	0.3076923076923077	1.936939711901469	1	1	1
30	31	train	80	0.2857142857142857	1.7996533218435076	1	1	1
78	109	train	80	0.2857142857142857	1.825432055493077	1	1	1
12	98	train	63	0.06666666666666667	0.4170323914242463	0	0	1
24	42	train	45	0.07692307692307693	0.43429448190325176	1	1	1
26	54	train	90	0.0	0	0	0	1
9	42	train	81	0.0	0	0	0	1
8	83	train	100	0.05263157894736842	0.43429448190325176	0	0	1
73	75	train	72	0.21428571428571427	1.3064464866409167	1	1	1
74	111	train	100	0.42857142857142855	2.8361370902364964	1	1	1
4	6	train	121	0.29411764705882354	2.385934262922564	1	1	1
30	92	train	56	0.0	0	0	0	1
66	97	train	36	0.2	0.9102392266268373	1	1	1
30	83	train	80	0.125	0.8894140952166705	1	1	1
24	91	train	40	0.0	0	1	1	1
41	52	train	99	0.0	0	0	0	1
4	103	train	77	0.125	0.872152004737665	1	1	1
4	85	train	88	0.11764705882352941	0.8979307383872341	1	1	1
111	115	train	60	0.23076923076923078	1.3028834457097553	1	1	1
97	113	train	60	0.0	0	0	0	1
48	101	train	100	0.25	1.772742046561503	1	1	1
81	94	train	72	0.0625	0.43429448190325176	0	0	1
21	114	train	63	0.23076923076923078	1.5199073204772229	1	1	1
103	108	train	56	0.25	1.2891843961619114	1	1	1
22	47	train	80	0.058823529411764705	0.45511961331341866	0	0	1
37	38	train	60	0.0	0	0	0	1
8	79	train	90	0.1875	1.3703124421796584	1	1	1
2	34	train	99	0.42857142857142855	2.778578482005482	1	1	1
12	29	train	72	0.13333333333333333	0.9360179602764065	1	1	1
76	113	train	90	0.1875	1.378829085350222	1	1	1
3	4	train	110	0.05	0.45511961331341866	0	0	1
78	79	train	90	0.35714285714285715	2.2805516688064955	1	1	1
21	77	train	56	0.25	1.424137568996588	1	1	1
10	42	train	90	0.35714285714285715	2.446766990052689	1	1	1
47	89	train	110	0.3125	2.358512862172619	1	1	1
36	93	train	99	0.0	0	0	0	1
57	107	train	80	0.0	0	0	0	1
32	55	train	42	0.08333333333333333	0.43429448190325176	1	1	1
39	40	train	99	0.05263157894736842	0.5138983423697507	0	0	1
31	51	train	60	0.0	0	0	0	1
38	46	train	70	0.3076923076923077	1.7873448336039044	1	1	1
32	80	train	54	0.07142857142857142	0.45511961331341866	0	0	1
8	78	train	100	0.42857142857142855	2.740624884359317	1	1	1
10	17	train	90	0.26666666666666666	1.825432055493077	1	1	1
9	79	train	81	0.38461538461538464	2.2131226723365924	1	1	1
33	101	train	80	0.2857142857142857	1.7261381815017667	1	1	1
70	89	train	88	0.05555555555555555	0.5581106265512472	0	0	1
73	105	train	72	0.0	0	0	0	1
11	73	train	72	0.0625	0.45511961331341866	1	1	1
68	74	train	100	0.3333333333333333	2.278026463685249	1	1	1
83	94	train	80	0.058823529411764705	0.45511961331341866	0	0	1
93	113	train	110	0.23529411764705882	1.9050359159595758	1	1	1
82	99	train	88	0.26666666666666666	1.7958614767744683	1	1	1
88	114	train	54	0.15384615384615385	0.8894140952166705	1	1	1
87	92	train	63	0.14285714285714285	0.872152004737665	1	1	1
58	113	train	90	0.1875	1.4118290807569849	1	1	1
99	103	train	77	0.2	1.3530503517006527	1	1	1
17	105	train	81	0.2857142857142857	1.7580030590231739	1	1	1
60	67	train	40	0.08333333333333333	0.48089834696298783	1	0	1
45	87	train	72	0.21428571428571427	1.391137573589825	1	1	1
48	62	train	80	0.0	0	0	0	1
71	114	train	72	0.21428571428571427	1.5063034508242497	1	1	1
78	112	train	90	0.1875	1.365358839940256	1	1	1
19	43	train	60	0.06666666666666667	0.5138983423697507	1	1	1
4	59	train	77	0.0	0	0	0	1
34	106	train	63	0.23076923076923078	1.3494873107694914	1	1	1
26	104	train	72	0.3076923076923077	1.7995196976005006	1	1	1
96	114	train	90	0.26666666666666666	1.9750269337906416	1	1	1
92	113	train	70	0.13333333333333333	0.872152004737665	1	1	1
9	78	train	90	0.35714285714285715	2.2805516688064955	1	1	1
47	54	train	100	0.3333333333333333	2.278026463685249	1	1	1
76	93	train	99	0.25	1.8512107891426461	1	1	1
14	33	train	72	0.21428571428571427	1.2710185681883481	1	1	1
18	114	train	81	0.2857142857142857	2.1086263615569933	1	1	1
2	46	train	77	0.38461538461538464	2.2855052710458983	1	1	1
49	76	train	72	0.3076923076923077	1.8339486986636406	1	1	1
87	93	train	99	0.25	1.9050359159595758	1	1	1
22	112	train	72	0.21428571428571427	1.3237085771199222	1	1	1
56	95	train	81	0.38461538461538464	2.365109131512397	1	1	1
70	92	train	56	0.0	0	0	0	1
64	65	train	70	0.0	0	0	0	1
74	84	train	60	0.23076923076923078	1.2856213552307498	1	1	1
57	58	train	72	0.0	0	0	0	1
16	48	train	120	0.2222222222222222	1.8512107891426461	1	1	1
2	38	train	110	0.3125	2.339330397862828	1	1	1
5	6	train	99	0.0	0	0	0	1
57	96	train	80	0.2857142857142857	1.9895933786654774	1	1	1
52	79	train	81	0.38461538461538464	2.2597265373963284	1	1	1
44	80	train	81	0.058823529411764705	0.5581106265512472	0	0	1
19	62	train	80	0.2	1.5416950271092522	1	1	1
14	40	train	81	0.2857142857142857	1.7519169151513359	1	1	1
55	62	train	56	0.07142857142857142	0.43429448190325176	1	1	1
7	33	train	72	0.13333333333333333	0.8685889638065035	1	1	1
83	101	train	100	0.05263157894736842	0.45511961331341866	0	0	1
10	65	train	100	0.0	0	0	0	1
26	90	train	72	0.13333333333333333	0.8513268733274981	1	1	1
1	94	train	80	0.2857142857142857	1.7996533218435076	1	1	1
16	115	train	72	0.0	0	0	0	1
47	50	train	50	0.15384615384615385	0.8513268733274981	1	1	1
35	62	train	56	0.15384615384615385	0.8894140952166705	1	1	1
49	99	train	88	0.0	0	0	0	1
20	95	train	72	0.4166666666666667	2.313551664213258	1	1	1
90	110	train	80	0.2857142857142857	1.8411699604208345	1	1	1
11	61	train	72	0.0	0	0	0	1
4	41	train	121	0.2222222222222222	1.963814645015908	1	1	1
1	36	train	90	0.0	0	0	0	1
12	105	train	81	0.0	0	1	1	1
17	82	train	72	0.0	0	0	0	1
11	12	train	81	0.058823529411764705	0.4170323914242463	0	0	1
54	68	train	100	0.25	1.7199158371340015	1	1	1
74	75	train	90	0.0	0	0	0	1
38	104	train	80	0.5	2.789362784693837	1	1	1
8	22	train	80	0.2	1.4169163072393944	1	1	1
13	27	train	81	0.2	1.4448290761637477	1	1	1
31	95	train	90	0.46153846153846156	2.7614500157694835	1	1	1
4	12	train	99	0.05263157894736842	0.4170323914242463	0	0	1
44	71	train	72	0.0	0	0	0	1
1	10	train	100	0.3333333333333333	2.3013768002166626	1	1	1
19	35	train	70	0.3076923076923077	1.9750269337906419	1	1	1
1	5	train	90	0.35714285714285715	2.2805516688064955	1	1	1
18	28	train	63	0.14285714285714285	0.9924051084544989	1	1	1
37	44	train	54	0.0	0	1	1	1
51	52	train	54	0.07142857142857142	0.43429448190325176	0	0	1
52	78	train	90	0.26666666666666666	1.8462571869032436	1	1	1
2	90	train	88	0.26666666666666666	1.8584320508998398	1	1	1
18	88	train	54	0.25	1.403312437586421	1	1	1
78	99	train	110	0.0	0	0	0	1
80	110	train	90	0.05555555555555555	0.43429448190325176	0	0	1
45	67	train	64	0.23076923076923078	1.3703124421796582	1	1	1
54	89	train	110	0.23529411764705882	1.737177927613007	1	1	1
81	83	train	90	0.11764705882352941	0.9360179602764065	1	1	1
17	18	train	81	0.0	0	0	0	1
69	112	train	90	0.26666666666666666	1.8462571869032436	1	1	1
48	65	train	100	0.17647058823529413	1.3703124421796582	1	1	1
72	100	train	56	0.15384615384615385	0.9481928242730024	1	1	1
6	98	train	77	0.125	0.872152004737665	0	0	1
40	61	train	72	0.3076923076923077	1.7261381815017667	1	1	1
71	96	train	80	0.2	1.4499163026461572	1	1	1
28	71	train	56	0.15384615384615385	0.9151928288662396	1	1	1
63	88	train	42	0.18181818181818182	0.8894140952166705	1	1	1
13	35	train	63	0.14285714285714285	0.8894140952166705	1	1	1
16	101	train	120	0.29411764705882354	2.259726537396329	1	1	1
77	114	train	72	0.13333333333333333	0.9481928242730024	1	1	1
33	50	train	40	0.0	0	0	0	1
21	71	train	56	0.15384615384615385	1.013230239864666	1	1	1
3	61	train	80	0.2	1.291843699598515	1	1	1
38	110	train	100	0.42857142857142855	2.8359666497535727	1	1	1
81	87	train	81	0.0	0	0	0	1
9	112	train	81	0.38461538461538464	2.2597265373963284	1	1	1
20	80	train	72	0.3076923076923077	1.7996533218435076	1	1	1
36	95	train	81	0.38461538461538464	2.365109131512397	1	1	1
34	110	train	90	0.46153846153846156	2.8409202519929755	1	1	1
31	83	train	100	0.1111111111111111	0.9360179602764065	1	1	1
82	108	train	64	0.23076923076923078	1.3149631298114803	1	1	1
100	101	train	70	0.0	0	0	0	1
80	95	train	81	0.38461538461538464	2.2805516688064955	1	1	1
8	9	train	90	0.26666666666666666	1.851210789142646	1	1	1
36	80	train	81	0.2	1.3703124421796584	1	1	1
52	102	train	63	0.0	0	0	0	1
25	26	train	81	0.0	0	0	0	1
33	48	train	80	0.2857142857142857	1.7261381815017667	1	1	1
16	93	train	132	0.045454545454545456	0.43429448190325176	0	0	1
101	103	train	70	0.0	0	0	0	1
25	111	train	90	0.0	0	0	0	1
65	112	train	90	0.0	0	0	0	1
52	69	train	90	0.35714285714285715	2.404367813454491	1	1	1
84	111	train	60	0.23076923076923078	1.2856213552307498	1	1	1
6	75	train	99	0.1111111111111111	0.872152004737665	1	1	1
2	26	train	99	0.25	1.830385657732479	1	1	1
27	39	train	99	0.17647058823529413	1.424137568996588	1	1	1
27	86	train	63	0.23076923076923078	1.3272716180510837	1	1	1
39	44	train	99	0.17647058823529413	1.48291629805292	1	1	1
23	48	train	80	0.0	0	0	0	1
15	44	train	63	0.14285714285714285	0.930930733793997	1	1	1
79	112	train	81	0.38461538461538464	2.4001631249929525	1	1	1
1	91	train	80	0.0	0	1	1	1
41	99	train	121	0.2222222222222222	1.9895933786654774	1	1	1
7	48	train	90	0.11764705882352941	0.9151928288662396	1	1	1
22	109	train	64	0.23076923076923078	1.3494873107694914	1	1	1
64	98	train	49	0.2727272727272727	1.5695277588326142	1	1	1
32	33	train	48	0.0	0	0	0	1
46	90	train	56	0.25	1.3064464866409167	1	1	1
26	110	train	90	0.35714285714285715	2.327021909623225	1	1	1
30	102	train	56	0.25	1.365358839940256	1	1	1
38	96	train	100	0.0	0	0	0	1
44	62	train	72	0.0625	0.45511961331341866	1	1	1
13	15	train	63	0.14285714285714285	0.930930733793997	1	1	1
14	16	train	108	0.4	2.71979975294915	1	1	1
7	86	train	63	0.0	0	0	0	1
25	70	train	72	0.13333333333333333	0.9617966939259757	1	1	1
67	77	train	64	0.14285714285714285	1.0764545478730305	0	0	1
16	107	train	120	0.29411764705882354	2.242464446917323	1	1	1
55	56	train	63	0.0	0	0	0	1
34	104	train	72	0.4166666666666667	2.3134180399702515	1	1	1
3	107	train	100	0.3333333333333333	2.2278616598749217	1	1	1
45	49	train	64	0.3333333333333333	1.8462571869032436	1	1	1
42	94	train	72	0.21428571428571427	1.3237085771199222	1	1	1
31	56	train	90	0.26666666666666666	1.872035920552813	1	1	1
6	11	train	99	0.25	1.8081699650140712	1	1	1
56	102	train	63	0.23076923076923078	1.4169163072393944	1	1	1
53	54	train	70	0.0	0	0	0	1
93	107	train	110	0.05	0.40242960438184466	0	0	1
13	39	train	99	0.25	1.9172107799561717	1	1	1
3	16	train	120	0.2222222222222222	1.80460692408291	1	1	1
15	86	train	49	0.2727272727272727	1.3272716180510837	1	1	1
32	100	train	42	0.08333333333333333	0.43429448190325176	1	1	1
92	94	train	56	0.0	0	0	0	1
40	107	train	90	0.1875	1.3384475646582512	1	1	1
51	69	train	60	0.06666666666666667	0.45511961331341866	0	0	1
19	72	train	80	0.2857142857142857	1.9587274185334984	1	1	1
10	105	train	90	0.26666666666666666	1.7996533218435076	1	1	1
12	51	train	54	0.15384615384615385	0.9360179602764065	1	1	1
17	94	train	72	0.21428571428571427	1.3237085771199222	1	1	1
5	94	train	72	0.3076923076923077	1.778828190433341	1	1	1
49	58	train	72	0.21428571428571427	1.3530503517006527	1	1	1
41	82	train	88	0.26666666666666666	1.7958614767744683	1	1	1
16	69	train	120	0.0	0	0	0	1
89	108	train	88	0.0	0	0	0	1
11	103	train	63	0.23076923076923078	1.3530503517006527	1	1	1
97	114	train	54	0.15384615384615385	1.013230239864666	1	1	1
74	89	train	110	0.3125	2.2952885541642543	1	1	1
5	42	train	81	0.2857142857142857	1.80460692408291	1	1	1
21	66	train	42	0.18181818181818182	0.9360179602764065	1	1	1
11	85	train	72	0.21428571428571427	1.3149631298114803	1	1	1
18	97	train	54	0.25	1.5271285822344165	1	1	1
28	57	train	56	0.25	1.4733034554174869	1	1	1
52	112	train	81	0.2857142857142857	1.778828190433341	1	1	1
83	95	train	90	0.1875	1.3703124421796584	1	1	1
1	17	train	90	0.26666666666666666	1.825432055493077	1	1	1
15	100	train	49	0.07692307692307693	0.48089834696298783	1	1	1
57	97	train	48	0.07692307692307693	0.5138983423697507	1	1	1
8	23	train	80	0.2857142857142857	1.851210789142646	1	1	1
30	36	train	72	0.21428571428571427	1.4033124375864212	1	1	1
30	95	train	72	0.4166666666666667	2.2927265328030915	1	1	1
15	72	train	56	0.15384615384615385	0.930930733793997	1	1	1
1	42	train	90	0.26666666666666666	1.825432055493077	1	1	1
58	87	train	81	0.2857142857142857	1.8927274277199726	1	1	1
16	40	train	108	0.3125	2.238901405986162	1	1	1
9	52	train	81	0.2857142857142857	1.778828190433341	1	1	1
105	115	train	54	0.0	0	0	0	1
20	56	train	72	0.3076923076923077	1.8584320508998398	1	1	1
35	72	train	56	0.07142857142857142	0.43429448190325176	1	1	1
20	31	train	80	0.2857142857142857	1.8204784532536746	1	1	1
104	106	train	56	0.36363636363636365	1.7788281904333407	1	1	1
4	75	train	99	0.25	1.782257607121495	1	1	1
37	59	train	42	0.0	0	0	0	1
74	78	train	100	0.05263157894736842	0.43429448190325176	0	0	1
66	114	train	54	0.36363636363636365	2.0080269291974044	1	1	1
4	53	train	77	0.125	0.8340647828484926	1	1	1
10	23	train	80	0.058823529411764705	0.48089834696298783	0	0	1
69	109	train	80	0.2857142857142857	1.872035920552813	1	1	1
90	100	train	56	0.0	0	0	0	1
33	65	train	80	0.2857142857142857	1.7788281904333407	1	1	1
36	102	train	63	0.23076923076923078	1.4169163072393944	1	1	1
6	12	train	99	0.25	1.8669486940704034	0	0	1
38	81	train	90	0.05555555555555555	0.5138983423697507	0	0	1
64	66	train	42	0.0	0	0	0	1
3	73	train	80	0.058823529411764705	0.45511961331341866	0	0	1
31	45	train	80	0.0	0	0	0	1
11	75	train	81	0.2	1.4118290807569849	1	1	1
85	99	train	88	0.26666666666666666	1.8339486986636406	1	1	1
38	106	train	70	0.4166666666666667	2.280551668806496	1	1	1
18	28	train	63	0.14285714285714285	0.9924051084544989	1	1	1
68	89	train	110	0.3125	2.2952885541642543	1	1	1
56	80	train	81	0.2	1.3703124421796584	1	1	1
47	111	train	100	0.42857142857142855	2.899361398244861	1	1	1
29	70	train	64	0.23076923076923078	1.391137573589825	1	1	1
84	89	train	66	0.3076923076923077	1.783781792672743	1	1	1
10	94	train	80	0.2857142857142857	1.7996533218435076	1	1	1
85	108	train	64	0.23076923076923078	1.3530503517006527	1	1	1
8	74	train	100	0.05263157894736842	0.43429448190325176	0	0	1
3	14	train	90	0.35714285714285715	2.1862113970545876	1	1	1
20	37	train	48	0.0	0	0	0	1
3	7	train	90	0.11764705882352941	0.8685889638065035	1	1	1
5	29	train	72	0.0625	0.48089834696298783	1	1	1
54	74	train	100	0.3333333333333333	2.278026463685249	1	1	1
59	64	train	49	0.16666666666666666	1.1352332769293625	1	1	1
45	76	train	72	0.3076923076923077	1.8512107891426461	1	1	1
15	16	train	84	0.0	0	0	0	1
40	83	train	90	0.05555555555555555	0.43429448190325176	0	0	1
17	39	train	99	0.0	0	0	0	1
68	84	train	60	0.23076923076923078	1.2856213552307498	1	1	1
77	96	train	80	0.2	1.4499163026461572	1	1	1
50	111	train	50	0.15384615384615385	0.8513268733274981	1	1	1
81	86	train	63	0.0	0	0	0	1
11	99	train	99	0.25	1.8927274277199726	1	1	1
29	39	train	88	0.0	0	0	0	1
54	115	train	60	0.23076923076923078	1.3028834457097553	1	1	1
54	87	train	90	0.05555555555555555	0.48089834696298783	0	0	1
75	83	train	90	0.0	0	0	0	1
50	85	train	40	0.0	0	0	0	1
63	106	train	49	0.0	0	0	0	1
92	93	train	77	0.2	1.344533708530089	1	1	1
3	101	train	100	0.17647058823529413	1.291843699598515	1	1	1
18	63	train	63	0.14285714285714285	0.9924051084544989	1	1	1
18	66	train	54	0.15384615384615385	1.013230239864666	1	1	1
2	102	train	77	0.0	0	0	0	1
47	74	train	100	0.3333333333333333	2.278026463685249	1	1	1
41	53	train	77	0.2	1.3149631298114803	1	1	1
45	46	train	56	0.0	0	0	0	1
70	91	train	64	0.14285714285714285	0.9360179602764065	1	1	1
24	79	train	45	0.07692307692307693	0.45511961331341866	0	0	1
25	67	train	72	0.0	0	0	0	1
21	76	train	63	0.06666666666666667	0.48089834696298783	0	0	1
14	61	train	72	0.3076923076923077	1.726138181501767	1	1	1
7	8	train	90	0.0	0	0	0	1
10	109	train	80	0.058823529411764705	0.48089834696298783	0	0	1
47	68	train	100	0.25	1.7199158371340015	1	1	1
27	28	train	63	0.0	0	0	0	1
57	77	train	64	0.14285714285714285	0.9481928242730024	1	1	1
6	82	train	88	0.1875	1.3149631298114803	1	1	1
14	107	train	90	0.35714285714285715	2.207036528464755	1	1	1
41	108	train	88	0.1875	1.4118290807569849	1	1	1
98	113	train	70	0.0625	0.5138983423697507	1	0	1
44	86	train	63	0.23076923076923078	1.3860503471074157	1	1	1
41	75	train	99	0.17647058823529413	1.4118290807569849	1	1	1
29	79	train	72	0.0	0	0	0	1
53	73	train	56	0.07142857142857142	0.4170323914242463	1	1	1
39	55	train	77	0.2	1.3703124421796584	1	1	1
26	38	train	90	0.26666666666666666	1.8461235626602366	1	1	1
9	69	train	90	0.35714285714285715	2.3271555338662315	1	1	1
72	73	train	64	0.0	0	0	0	1
13	19	train	90	0.1875	1.4890413603452441	1	1	1
19	39	train	110	0.16666666666666666	1.4499163026461572	1	1	1
26	106	train	63	0.23076923076923078	1.3494873107694914	1	1	1
67	76	train	72	0.4166666666666667	2.2940219142164615	1	1	1
89	111	train	110	0.4	2.9166234887238662	1	1	1
58	93	train	99	0.25	1.884210784549409	1	1	1
29	114	train	72	0.0	0	0	0	1
4	82	train	88	0.1875	1.3149631298114803	1	1	1
13	37	train	54	0.07142857142857142	0.43429448190325176	1	1	1
1	105	train	90	0.26666666666666666	1.7996533218435076	1	1	1
16	61	train	96	0.3333333333333333	2.2131226723365924	1	1	1
20	102	train	56	0.25	1.365358839940256	1	1	1
42	105	train	81	0.2857142857142857	1.7580030590231739	1	1	1
15	100	train	49	0.07692307692307693	0.48089834696298783	1	1	1
98	99	train	77	0.058823529411764705	0.4170323914242463	0	0	1
65	101	train	100	0.25	1.8046069240829101	1	1	1
53	99	train	77	0.125	0.8340647828484926	1	1	1
43	64	train	42	0.0	0	0	0	1
9	23	train	72	0.3076923076923077	1.783781792672743	1	1	1
80	81	train	81	0.058823529411764705	0.45511961331341866	1	1	1
9	22	train	72	0.3076923076923077	1.80460692408291	1	1	1
68	105	train	90	0.11764705882352941	0.9102392266268373	0	0	1
42	68	train	90	0.05555555555555555	0.45511961331341866	0	0	1
49	87	train	72	0.4166666666666667	2.242464446917323	1	1	1
24	112	train	45	0.07692307692307693	0.45511961331341866	0	0	1
19	37	train	60	0.06666666666666667	0.45511961331341866	1	1	1
16	46	train	84	0.0	0	0	0	0
38	66	train	60	0.0	0	0	0	0
54	55	train	70	0.0	0	0	0	0
57	70	train	64	0.06666666666666667	0.43429448190325176	0	0	0
29	8	train	80	0.058823529411764705	0.45511961331341866	0	0	0
24	41	train	55	0.06666666666666667	0.45511961331341866	0	0	0
48	88	train	60	0.0	0	0	0	0
57	98	train	56	0.0	0	0	0	0
7	98	train	63	0.06666666666666667	0.5138983423697507	0	0	0
36	86	train	63	0.0	0	0	0	0
102	8	train	70	0.0	0	0	0	0
45	47	train	80	0.0	0	0	0	0
56	64	train	63	0.0	0	0	0	0
51	62	train	48	0.0	0	0	0	0
1	32	train	60	0.0	0	0	0	0
11	33	train	72	0.0	0	0	0	0
1	45	train	80	0.0	0	0	0	0
27	57	train	72	0.0625	0.5138983423697507	0	0	0
47	65	train	100	0.1111111111111111	0.8894140952166705	0	0	0
35	96	train	70	0.0	0	0	0	0
41	91	train	88	0.0	0	0	0	0
104	7	train	72	0.0	0	0	0	0
104	115	train	48	0.0	0	0	0	0
34	80	train	81	0.125	0.9151928288662396	0	0	0
107	59	train	70	0.0625	0.45511961331341866	0	0	0
115	21	train	42	0.0	0	0	0	0
27	66	train	54	0.0	0	0	0	0
6	77	train	88	0.0	0	0	0	0
5	63	train	63	0.0	0	0	0	0
54	93	train	110	0.10526315789473684	0.9360179602764065	0	0	0
27	74	train	90	0.0	0	0	0	0
108	57	train	64	0.0	0	0	0	0
1	53	train	70	0.0	0	0	0	0
115	38	train	60	0.0	0	0	0	0
60	81	train	45	0.0	0	0	0	0
13	82	train	72	0.0	0	0	0	0
45	78	train	80	0.0	0	0	0	0
8	95	train	90	0.05555555555555555	0.43429448190325176	0	0	0
28	56	train	63	0.0	0	0	0	0
43	63	train	42	0.0	0	0	0	0
11	80	train	81	0.0	0	0	0	0
5	52	train	81	0.0	0	0	0	0
104	14	train	72	0.0	0	0	0	0
6	94	train	88	0.05555555555555555	0.45511961331341866	0	0	0
1	95	train	90	0.05555555555555555	0.45511961331341866	0	0	0
101	6	train	110	0.0	0	0	0	0
108	35	train	56	0.0	0	0	0	0
100	17	train	63	0.0	0	0	0	0
38	73	train	80	0.0	0	0	0	0
65	89	train	110	0.0	0	0	0	0
37	42	train	54	0.0	0	0	0	0
6	96	train	110	0.0	0	0	0	0
26	37	train	54	0.07142857142857142	0.43429448190325176	0	0	0
3	64	train	70	0.0625	0.43429448190325176	0	0	0
58	59	train	63	0.0	0	1	0	0
108	81	train	72	0.0	0	0	0	0
10	19	train	100	0.0	0	0	0	0
51	55	train	42	0.0	0	0	0	0
23	43	train	48	0.0	0	0	0	0
37	5	train	54	0.0	0	0	0	0
105	107	train	90	0.0	0	0	0	0
112	84	train	54	0.0	0	0	0	0
7	79	train	81	0.058823529411764705	0.43429448190325176	0	0	0
22	3	train	80	0.0	0	0	0	0
18	20	train	72	0.0	0	0	0	0
16	54	train	120	0.047619047619047616	0.5581106265512472	0	0	0
10	96	train	100	0.0	0	0	0	0
101	51	train	60	0.0	0	0	0	0
52	99	train	99	0.1111111111111111	0.8513268733274981	0	0	0
16	2	train	132	0.0	0	0	0	0
14	60	train	45	0.0	0	0	0	0
55	70	train	56	0.0	0	0	0	0
18	38	train	90	0.05555555555555555	0.43429448190325176	0	0	0
8	82	train	80	0.058823529411764705	0.4170323914242463	0	0	0
108	84	train	48	0.16666666666666666	0.8979307383872341	0	0	0
4	8	train	110	0.05	0.4170323914242463	0	0	0
113	17	train	90	0.0	0	0	0	0
16	17	train	108	0.0	0	0	0	0
13	84	train	54	0.0	0	0	0	0
11	71	train	72	0.0	0	0	0	0
11	66	train	54	0.0	0	0	0	0
43	9	train	54	0.0	0	0	0	0
108	24	train	40	0.0	0	0	0	0
28	34	train	63	0.06666666666666667	0.4170323914242463	0	0	0
70	82	train	64	0.0	0	0	0	0
29	98	train	56	0.07142857142857142	0.45511961331341866	0	0	0
101	52	train	90	0.0	0	0	0	0
108	93	train	88	0.05555555555555555	0.45511961331341866	0	0	0
41	86	train	77	0.0	0	0	0	0
108	56	train	72	0.0	0	0	0	0
105	98	train	63	0.06666666666666667	0.45511961331341866	0	0	0
3	85	train	80	0.058823529411764705	0.4170323914242463	0	0	0
33	45	train	64	0.0	0	0	0	0
26	35	train	63	0.0	0	0	0	0
50	57	train	40	0.0	0	0	0	0
63	91	train	56	0.0	0	0	0	0
35	40	train	63	0.0	0	0	0	0
30	50	train	40	0.0	0	0	0	0
26	88	train	54	0.07142857142857142	0.45511961331341866	0	0	0
31	47	train	100	0.0	0	0	0	0
109	11	train	72	0.0	0	0	0	0
25	38	train	90	0.05555555555555555	0.45511961331341866	0	0	0
101	113	train	100	0.0	0	0	0	0
52	85	train	72	0.0	0	0	0	0
18	81	train	81	0.0	0	0	0	0
111	30	train	80	0.0	0	0	0	0
5	88	train	54	0.0	0	0	0	0
50	71	train	40	0.0	0	0	0	0
111	45	train	80	0.0	0	0	0	0
6	68	train	110	0.0	0	0	0	0
84	93	train	66	0.0	0	0	0	0
12	22	train	72	0.0	0	0	0	0
112	86	train	63	0.0	0	0	0	0
71	94	train	64	0.0	0	0	0	0
29	65	train	80	0.0	0	0	0	0
104	82	train	64	0.0	0	0	0	0
17	76	train	81	0.0	0	0	0	0
115	14	train	54	0.07142857142857142	0.40242960438184466	0	0	0
24	92	train	35	0.0	0	0	0	0
18	32	train	54	0.0	0	0	0	0
26	71	train	72	0.0625	0.48089834696298783	0	0	0
33	38	train	80	0.0	0	0	0	0
65	78	train	100	0.05263157894736842	0.45511961331341866	0	0	0
104	96	train	80	0.125	0.9151928288662396	0	0	0
11	115	train	54	0.0	0	0	0	0
109	37	train	48	0.0	0	0	0	0
115	32	train	36	0.0	0	0	0	0
90	92	train	56	0.0	0	0	0	0
112	60	train	45	0.0	0	0	0	0
86	9	train	63	0.0	0	0	0	0
60	9	train	45	0.0	0	0	0	0
88	91	train	48	0.07692307692307693	0.45511961331341866	0	0	0
11	74	train	90	0.05555555555555555	0.45511961331341866	0	0	0
76	82	train	72	0.0625	0.48089834696298783	0	0	0
101	77	train	80	0.0	0	0	0	0
1	46	train	70	0.13333333333333333	0.872152004737665	0	0	0
59	99	train	77	0.058823529411764705	0.5138983423697507	0	0	0
103	94	train	56	0.0	0	0	0	0
4	63	train	77	0.0	0	0	0	0
64	9	train	63	0.0	0	0	0	0
115	8	train	60	0.06666666666666667	0.43429448190325176	0	0	0
100	24	train	35	0.0	0	0	0	0
49	74	train	80	0.058823529411764705	0.43429448190325176	0	0	0
75	82	train	72	0.3076923076923077	1.731995521235727	1	1	0
46	98	train	49	0.0	0	0	0	0
74	96	train	100	0.0	0	0	0	0
47	63	train	70	0.0	0	0	0	0
102	87	train	63	0.0	0	0	0	0
102	76	train	63	0.0	0	0	0	0
30	71	train	64	0.0	0	0	0	0
25	27	train	81	0.0	0	0	0	0
1	19	train	100	0.0	0	0	0	0
42	64	train	63	0.0	0	0	0	0
50	80	train	45	0.0	0	0	0	0
36	59	train	63	0.0	0	0	0	0
15	93	train	77	0.058823529411764705	0.40242960438184466	0	0	0
2	22	train	88	0.0	0	0	0	0
44	46	train	63	0.0	0	0	0	0
115	9	train	54	0.0	0	0	0	0
106	21	train	49	0.07692307692307693	0.5138983423697507	0	0	0
35	74	train	70	0.0	0	0	0	0
55	6	train	77	0.0	0	0	0	0
40	44	train	81	0.058823529411764705	0.4170323914242463	0	0	0
62	69	train	80	0.0	0	0	0	0
33	76	train	72	0.0	0	0	0	0
108	34	train	72	0.0	0	0	0	0
1	22	train	80	0.0	0	0	0	0
43	85	train	48	0.0	0	0	0	0
72	76	train	72	0.0	0	0	0	0
22	5	train	72	0.0	0	0	0	0
100	95	train	63	0.0	0	0	0	0
4	91	train	88	0.11764705882352941	0.872152004737665	0	0	0
54	97	train	60	0.0	0	0	0	0
62	88	train	48	0.0	0	0	0	0
15	81	train	63	0.06666666666666667	0.5138983423697507	0	0	0
92	97	train	42	0.08333333333333333	0.43429448190325176	0	0	0
77	80	train	72	0.0	0	0	0	0
103	47	train	70	0.0	0	0	0	0
6	61	train	88	0.05555555555555555	0.45511961331341866	0	0	0
60	65	train	50	0.07142857142857142	0.5138983423697507	0	0	0
114	36	train	81	0.0	0	0	0	0
22	49	train	64	0.0	0	0	0	0
43	78	train	60	0.0	0	0	0	0
102	11	train	63	0.0	0	0	0	0
70	99	train	88	0.0	0	0	0	0
48	59	train	70	0.0625	0.45511961331341866	0	0	0
110	78	train	100	0.0	0	0	0	0
110	29	train	80	0.0	0	0	0	0
43	77	train	48	0.0	0	0	0	0
11	59	train	63	0.0	0	0	0	0
83	89	train	110	0.0	0	0	0	0
22	60	train	40	0.0	0	0	0	0
18	2	train	99	0.05263157894736842	0.5138983423697507	0	0	0
12	75	train	81	0.2	1.2891843961619114	0	0	0
46	53	train	49	0.0	0	0	0	0
7	77	train	72	0.0	0	0	0	0
71	79	train	72	0.0	0	0	0	0
87	95	train	81	0.058823529411764705	0.45511961331341866	0	0	0
29	9	train	72	0.0625	0.45511961331341866	0	0	0
49	5	train	72	0.0	0	0	0	0
53	61	train	56	0.0	0	0	0	0
5	57	train	72	0.0	0	0	0	0
1	88	train	60	0.0	0	0	0	0
1	68	train	100	0.17647058823529413	1.365358839940256	0	0	0
11	43	train	54	0.0	0	0	0	0
19	83	train	100	0.0	0	0	0	0
1	7	train	90	0.0	0	0	0	0
73	93	train	88	0.0	0	0	0	0
39	84	train	66	0.0	0	0	0	0
112	71	train	72	0.0	0	0	0	0
48	50	train	50	0.15384615384615385	0.9151928288662396	0	0	0
112	66	train	54	0.0	0	0	0	0
62	96	train	80	0.0	0	0	0	0
16	57	train	96	0.05263157894736842	0.43429448190325176	0	0	0
12	27	train	81	0.058823529411764705	0.4170323914242463	0	0	0
38	52	train	90	0.0	0	0	0	0
106	89	train	77	0.0	0	0	0	0
72	85	train	64	0.0	0	0	0	0
21	43	train	42	0.0	0	0	0	0
28	59	train	49	0.0	0	0	0	0
102	24	train	35	0.0	0	0	0	0
54	81	train	90	0.11764705882352941	0.8894140952166705	0	0	0
20	27	train	72	0.0	0	0	0	0
10	45	train	80	0.0	0	0	0	0
16	56	train	108	0.0	0	0	0	0
50	6	train	55	0.06666666666666667	0.48089834696298783	0	0	0
62	79	train	72	0.0	0	0	0	0
76	9	train	81	0.0	0	0	0	0
102	17	train	63	0.0	0	0	0	0
58	8	train	90	0.0	0	0	0	0
38	57	train	80	0.058823529411764705	0.43429448190325176	0	0	0
59	6	train	77	0.125	0.930930733793997	0	0	0
51	82	train	48	0.0	0	0	0	0
42	99	train	99	0.05263157894736842	0.4170323914242463	0	0	0
114	9	train	81	0.0	0	0	0	0
2	68	train	110	0.0	0	0	0	0
65	70	train	80	0.0	0	0	0	0
2	3	train	110	0.0	0	0	0	0
91	92	train	56	0.07142857142857142	0.48089834696298783	0	0	0
15	85	train	56	0.0	0	0	0	0
11	49	train	72	0.0625	0.4170323914242463	0	0	0
106	31	train	70	0.0625	0.43429448190325176	0	0	0
12	31	train	90	0.05555555555555555	0.5581106265512472	0	0	0
55	57	train	56	0.0	0	0	0	0
12	53	train	63	0.14285714285714285	0.8340647828484926	0	0	0
114	46	train	63	0.0	0	0	0	0
108	111	train	80	0.058823529411764705	0.4170323914242463	0	0	0
36	74	train	90	0.0	0	0	0	0
5	96	train	90	0.05555555555555555	0.48089834696298783	0	0	0
13	4	train	99	0.05263157894736842	0.45511961331341866	0	0	0
70	86	train	56	0.0	0	0	0	0
42	97	train	54	0.0	0	0	0	0
36	52	train	81	0.058823529411764705	0.5138983423697507	0	0	0
37	8	train	60	0.0	0	0	0	0
32	42	train	54	0.0	0	0	0	0
47	69	train	100	0.17647058823529413	1.3703124421796584	0	0	0
59	79	train	63	0.0	0	0	0	0
111	2	train	110	0.0	0	0	0	0
4	60	train	55	0.06666666666666667	0.5138983423697507	0	0	0
41	74	train	110	0.10526315789473684	0.8894140952166705	0	0	0
51	87	train	54	0.0	0	0	0	0
18	51	train	54	0.0	0	0	0	0
40	97	train	54	0.0	0	0	0	0
22	90	train	64	0.0	0	0	0	0
3	47	train	100	0.0	0	0	0	0
30	8	train	80	0.058823529411764705	0.43429448190325176	0	0	0
15	25	train	63	0.0	0	0	0	0
32	39	train	66	0.21428571428571427	1.4033124375864212	1	1	0
31	5	train	90	0.0	0	0	0	0
107	112	train	90	0.05555555555555555	0.43429448190325176	0	0	0
103	8	train	70	0.0625	0.4170323914242463	0	0	0
62	64	train	56	0.0	0	0	0	0
17	89	train	99	0.05263157894736842	0.43429448190325176	0	0	0
31	94	train	80	0.058823529411764705	0.43429448190325176	0	0	0
29	45	train	64	0.0	0	0	0	0
36	49	train	72	0.0625	0.4170323914242463	0	0	0
2	74	train	110	0.0	0	0	0	0
14	29	train	72	0.0	0	0	0	0
104	105	train	72	0.0	0	0	0	0
33	6	train	88	0.0	0	0	0	0
79	80	train	81	0.0	0	0	0	0
100	97	train	42	0.0	0	0	0	0
43	60	train	30	0.1	0.5138983423697507	0	0	0
105	20	train	72	0.0	0	0	0	0
45	81	train	72	0.0625	0.45511961331341866	0	0	0
75	78	train	90	0.11764705882352941	0.8685889638065035	0	0	0
20	92	train	56	0.0	0	0	0	0
112	23	train	72	0.3076923076923077	1.80460692408291	1	1	0
74	91	train	80	0.0	0	0	0	0
14	79	train	81	0.0	0	0	0	0
41	59	train	77	0.058823529411764705	0.4170323914242463	0	0	0
45	55	train	56	0.0	0	0	0	0
43	75	train	54	0.0	0	0	0	0
67	7	train	72	0.0	0	0	0	0
5	65	train	90	0.05555555555555555	0.43429448190325176	0	0	0
10	103	train	70	0.0	0	0	0	0
90	93	train	88	0.0	0	0	0	0
67	95	train	72	0.0	0	0	0	0
17	49	train	72	0.0	0	0	0	0
10	77	train	80	0.0	0	0	0	0
80	85	train	72	0.0	0	0	0	0
54	62	train	80	0.0	0	0	0	0
3	66	train	60	0.0	0	0	0	0
25	30	train	72	0.0	0	0	0	0
115	95	train	54	0.0	0	0	0	0
105	114	train	81	0.0	0	0	0	0
105	23	train	72	0.0625	0.43429448190325176	0	0	0
15	5	train	63	0.0	0	0	0	0
10	112	train	90	0.11764705882352941	1.0556294164628637	0	0	0
52	76	train	81	0.0	0	0	0	0
38	48	train	100	0.0	0	0	0	0
69	98	train	70	0.0	0	0	0	0
16	82	train	96	0.0	0	0	0	0
50	8	train	50	0.0	0	0	0	0
104	25	train	72	0.0625	0.45511961331341866	0	0	0
112	54	train	90	0.05555555555555555	0.43429448190325176	0	0	0
12	7	train	81	0.0	0	0	0	0
48	66	train	60	0.0	0	0	0	0
75	94	train	72	0.0625	0.43429448190325176	0	0	0
109	83	train	80	0.125	0.8685889638065035	0	0	0
1	102	train	70	0.13333333333333333	0.872152004737665	0	0	0
105	108	train	72	0.0	0	0	0	0
103	83	train	70	0.13333333333333333	0.8894140952166705	0	0	0
115	17	train	54	0.07142857142857142	0.45511961331341866	0	0	0
40	79	train	81	0.0	0	0	0	0
20	49	train	64	0.0	0	0	0	0
111	44	train	90	0.0	0	0	0	0
110	88	train	60	0.0	0	0	0	0
114	90	train	72	0.0	0	0	0	0
2	60	train	55	0.0	0	0	0	0
112	72	train	72	0.0	0	0	0	0
106	91	train	56	0.0	0	0	0	0
79	95	train	81	0.0	0	0	0	0
11	77	train	72	0.0	0	0	0	0
18	41	train	99	0.0	0	0	0	0
2	50	train	55	0.0	0	0	0	0
52	73	train	72	0.0625	0.4170323914242463	0	0	0
115	5	train	54	0.07142857142857142	0.45511961331341866	0	0	0
101	111	train	100	0.0	0	0	0	0
11	27	train	81	0.0	0	0	0	0
115	25	train	54	0.07142857142857142	0.43429448190325176	0	0	0
115	35	train	42	0.0	0	0	0	0
35	71	train	56	0.0	0	0	0	0
28	90	train	56	0.07142857142857142	0.4170323914242463	0	0	0
15	68	train	70	0.0	0	0	0	0
47	62	train	80	0.058823529411764705	0.43429448190325176	0	0	0
29	72	train	64	0.06666666666666667	0.4170323914242463	0	0	0
17	3	train	90	0.0	0	0	0	0
59	66	train	42	0.08333333333333333	0.5138983423697507	0	0	0
21	56	train	63	0.0	0	0	0	0
100	11	train	63	0.0	0	0	0	0
36	44	train	81	0.058823529411764705	0.45511961331341866	0	0	0
15	28	train	49	0.0	0	0	0	0
33	66	train	48	0.0	0	0	0	0
54	72	train	80	0.0	0	0	0	0
81	99	train	99	0.0	0	0	0	0
115	80	train	54	0.0	0	0	0	0
114	115	train	54	0.0	0	0	0	0
13	28	train	63	0.14285714285714285	0.9102392266268373	0	0	0
109	38	train	80	0.0	0	0	0	0
103	33	train	56	0.07142857142857142	0.43429448190325176	0	0	0
14	68	train	90	0.0	0	0	0	0
37	75	train	54	0.0	0	0	0	0
26	41	train	99	0.0	0	0	0	0
11	79	train	81	0.0	0	0	0	0
26	94	train	72	0.0	0	0	0	0
56	97	train	54	0.0	0	0	0	0
103	6	train	77	0.2857142857142857	1.74430400947533	1	1	0
113	89	train	110	0.0	0	0	0	0
104	32	train	48	0.0	0	0	0	0
13	46	train	63	0.0	0	0	0	0
105	21	train	63	0.0	0	0	0	0
109	2	train	88	0.0	0	0	0	0
15	51	train	42	0.0	0	0	0	0
6	80	train	99	0.0	0	0	0	0
36	43	train	54	0.15384615384615385	0.9947966893327386	0	0	0
20	41	train	88	0.0	0	0	0	0
56	94	train	72	0.0	0	0	0	0
18	79	train	81	0.0	0	0	0	0
31	93	train	110	0.05	0.45511961331341866	0	0	0
52	81	train	81	0.0	0	0	0	0
10	14	train	90	0.05555555555555555	0.43429448190325176	0	0	0
61	97	train	48	0.0	0	0	0	0
10	115	train	60	0.06666666666666667	0.45511961331341866	0	0	0
17	25	train	81	0.0	0	1	1	0
93	94	train	88	0.05555555555555555	0.5138983423697507	0	0	0
2	97	train	66	0.0625	0.5138983423697507	0	0	0
91	97	train	48	0.0	0	0	0	0
69	74	train	100	0.05263157894736842	0.43429448190325176	0	0	0
16	45	train	96	0.0	0	0	0	0
74	81	train	90	0.05555555555555555	0.43429448190325176	0	0	0
18	73	train	72	0.0	0	0	0	0
64	75	train	63	0.0	0	0	0	0
15	77	train	56	0.0	0	0	0	0
104	9	train	72	0.0	0	0	0	0
3	35	train	70	0.0	0	0	0	0
55	79	train	63	0.0	0	0	0	0
73	78	train	80	0.0	0	0	0	0
38	7	train	90	0.0	0	0	0	0
91	94	train	64	0.06666666666666667	0.43429448190325176	1	1	0
35	73	train	56	0.07142857142857142	0.48089834696298783	0	0	0
114	13	train	81	0.058823529411764705	0.45511961331341866	0	0	0
35	75	train	63	0.0	0	0	0	0
36	70	train	72	0.0	0	0	0	0
106	9	train	63	0.0	0	0	0	0
106	93	train	77	0.0	0	0	0	0
112	98	train	63	0.0	0	0	0	0
49	83	train	80	0.0	0	0	0	0
68	98	train	70	0.0	0	0	0	0
13	31	train	90	0.0	0	0	0	0
30	91	train	64	0.0	0	0	0	0
44	6	train	99	0.0	0	0	0	0
86	99	train	77	0.0	0	0	0	0
27	3	train	90	0.05555555555555555	0.4170323914242463	0	0	0
71	78	train	80	0.0	0	0	0	0
16	65	train	120	0.375	2.6731958878894138	1	1	0
16	68	train	120	0.047619047619047616	0.43429448190325176	0	0	0
105	13	train	81	0.0	0	0	0	0
14	47	train	90	0.0	0	0	0	0
15	48	train	70	0.0625	0.40242960438184466	0	0	0
43	76	train	54	0.0	0	0	0	0
40	67	train	72	0.0	0	0	0	0
14	37	train	54	0.07142857142857142	0.45511961331341866	0	0	0
14	38	train	90	0.0	0	0	0	0
48	69	train	100	0.1111111111111111	0.8833279513448324	0	0	0
101	90	train	80	0.058823529411764705	0.5138983423697507	0	0	0
85	98	train	56	0.15384615384615385	0.8340647828484926	0	0	0
101	54	train	100	0.0	0	0	0	0
44	72	train	72	0.13333333333333333	0.930930733793997	1	1	0
16	73	train	96	0.05263157894736842	0.43429448190325176	0	0	0
100	47	train	70	0.0	0	0	0	0
106	43	train	42	0.0	0	0	0	0
27	29	train	72	0.0625	0.4170323914242463	0	0	0
48	81	train	90	0.0	0	0	0	0
22	38	train	80	0.0	0	0	0	0
58	61	train	72	0.0	0	0	0	0
100	107	train	70	0.0	0	0	0	0
74	99	train	110	0.05	0.43429448190325176	0	0	0
64	72	train	56	0.0	0	0	0	0
96	98	train	70	0.0	0	0	0	0
73	9	train	72	0.0	0	0	0	0
18	42	train	81	0.0	0	0	0	0
62	97	train	48	0.0	0	0	0	0
102	65	train	70	0.0	0	0	0	0
107	84	train	60	0.0	0	0	0	0
36	47	train	90	0.0	0	0	0	0
71	91	train	64	0.0	0	0	0	0
16	74	train	120	0.047619047619047616	0.5581106265512472	0	0	0
45	59	train	56	0.0	0	1	0	0
65	92	train	70	0.0	0	0	0	0
72	97	train	48	0.0	0	0	0	0
34	56	train	81	0.125	0.9617966939259757	0	0	0
25	59	train	63	0.0	0	0	0	0
107	96	train	100	0.05263157894736842	0.48089834696298783	0	0	0
46	9	train	63	0.0	0	0	0	0
106	6	train	77	0.0	0	0	0	0
51	97	train	36	0.0	0	0	0	0
71	87	train	72	0.0	0	0	0	0
46	68	train	70	0.0	0	0	0	0
100	111	train	70	0.0	0	0	0	0
114	58	train	81	0.0	0	0	0	0
37	41	train	66	0.0	0	0	0	0
75	95	train	81	0.058823529411764705	0.43429448190325176	0	0	0
104	17	train	72	0.0	0	0	0	0
20	82	train	64	0.0	0	0	0	0
32	5	train	54	0.0	0	0	0	0
16	81	train	108	0.0	0	0	0	0
62	75	train	72	0.0	0	0	0	0
51	98	train	42	0.08333333333333333	0.45511961331341866	0	0	0
107	86	train	70	0.0625	0.45511961331341866	0	0	0
36	91	train	72	0.0625	0.43429448190325176	0	0	0
19	3	train	100	0.0	0	0	0	0
33	9	train	72	0.0	0	0	0	0
103	7	train	63	0.0	0	0	0	0
19	88	train	60	0.0	0	0	0	0
23	93	train	88	0.0	0	0	0	0
59	83	train	70	0.0	0	0	0	0
8	81	train	90	0.05555555555555555	0.43429448190325176	0	0	0
23	82	train	64	0.0	0	0	0	0
31	63	train	70	0.0	0	0	0	0
3	94	train	80	0.0	0	0	0	0
60	80	train	45	0.0	0	0	0	0
1	107	train	100	0.0	0	0	0	0
23	35	train	56	0.0	0	0	0	0
44	63	train	63	0.0	0	0	0	0
50	98	train	35	0.0	0	0	0	0
44	89	train	99	0.0	0	0	0	0
50	63	train	35	0.0	0	0	0	0
49	88	train	48	0.07692307692307693	0.45511961331341866	0	0	0
4	9	train	99	0.0	0	0	0	0
10	36	train	90	0.05555555555555555	0.43429448190325176	0	0	0
51	9	train	54	0.15384615384615385	0.8894140952166705	0	0	0
5	24	test	45	0.16666666666666666	0.8894140952166705	1	1	1
73	103	test	56	0.25	1.3272716180510837	1	1	1
20	30	test	64	0.45454545454545453	2.313551664213258	1	1	1
50	84	test	30	0.375	1.3322252202904858	1	1	1
4	73	test	88	0.35714285714285715	2.3012431759736556	1	1	1
36	45	test	72	0.0625	0.43429448190325176	0	0	1
28	66	test	42	0.3	1.4941285868276537	1	1	1
13	44	test	81	0.38461538461538464	2.4580593160284137	1	1	1
37	60	test	30	0.1	0.5138983423697507	0	0	1
23	24	test	40	0.08333333333333333	0.43429448190325176	0	0	1
62	63	test	56	0.0	0	0	0	1
60	61	test	40	0.0	0	0	0	1
8	69	test	100	0.3333333333333333	2.352934267515801	1	1	1
15	55	test	49	0.16666666666666666	0.8979307383872341	1	1	1
24	94	test	40	0.18181818181818182	0.8894140952166705	1	1	1
94	105	test	72	0.4166666666666667	2.2339478037467595	1	1	1
43	44	test	54	0.07142857142857142	0.45511961331341866	1	1	1
32	62	test	48	0.4	1.917210779956172	1	1	1
2	106	test	77	0.38461538461538464	2.259726537396329	1	1	1
32	86	test	42	0.08333333333333333	0.45511961331341866	1	1	1
21	88	test	42	0.18181818181818182	0.9690179556831694	1	1	1
57	88	test	48	0.16666666666666666	0.9481928242730024	1	1	1
35	95	test	63	0.06666666666666667	0.45511961331341866	0	0	1
30	81	test	72	0.13333333333333333	0.8894140952166705	1	1	1
28	63	test	49	0.2727272727272727	1.3703124421796582	1	1	1
3	48	test	100	0.3333333333333333	2.2070365284647546	1	1	1
8	112	test	90	0.26666666666666666	1.825432055493077	1	1	1
1	66	test	60	0.0	0	0	0	1
28	77	test	56	0.15384615384615385	0.9151928288662396	1	1	1
9	10	test	90	0.11764705882352941	0.9360179602764065	0	0	1
15	27	test	63	0.3333333333333333	1.8411699604208345	1	1	1
49	92	test	56	0.25	1.3272716180510837	1	1	1
30	80	test	72	0.3076923076923077	1.7996533218435076	1	1	1
84	115	test	36	0.2	0.8685889638065035	1	1	1
9	91	test	72	0.0	0	0	0	1
80	102	test	63	0.3333333333333333	1.8462571869032436	1	1	1
33	40	test	72	0.3076923076923077	1.7261381815017667	1	1	1
54	84	test	60	0.3333333333333333	1.7199158371340015	1	1	1
57	66	test	48	0.16666666666666666	1.039008973514235	1	1	1
53	103	test	49	0.2727272727272727	1.251097174272739	1	1	1
21	97	test	42	0.18181818181818182	1.013230239864666	1	1	1
67	87	test	72	0.3076923076923077	1.8339486986636406	1	1	1
66	67	test	48	0.0	0	0	0	1
90	104	test	64	0.45454545454545453	2.275464442324086	1	1	1
5	109	test	72	0.0625	0.43429448190325176	0	0	1
18	59	test	63	0.0	0	0	0	1
35	100	test	49	0.2727272727272727	1.3960911758292274	1	1	1
103	104	test	56	0.0	0	0	0	1
86	100	test	49	0.07692307692307693	0.5138983423697507	1	1	1
18	21	test	63	0.23076923076923078	1.5271285822344165	1	1	1
82	84	test	48	0.07692307692307693	0.48089834696298783	0	0	1
19	20	test	80	0.058823529411764705	0.5581106265512472	0	0	1
88	97	test	36	0.2	0.9102392266268373	1	1	1
50	74	test	50	0.25	1.2856213552307498	1	1	1
3	15	test	70	0.0625	0.40242960438184466	0	0	1
90	106	test	56	0.25	1.344533708530089	1	1	1
29	51	test	48	0.2727272727272727	1.391137573589825	1	1	1
66	88	test	36	0.2	0.9102392266268373	1	1	1
55	100	test	49	0.4	1.9542018023804748	1	1	1
17	24	test	45	0.07692307692307693	0.43429448190325176	1	1	1
7	40	test	81	0.125	0.8685889638065035	1	1	1
46	106	test	49	0.4	1.8046069240829101	1	1	1
45	92	test	56	0.25	1.344533708530089	1	1	1
58	76	test	81	0.38461538461538464	2.2682431805668926	1	1	1
49	50	test	40	0.0	0	0	0	1
59	115	test	42	0.0	0	0	0	1
22	78	test	80	0.38461538461538464	2.306330402456065	1	1	1
20	45	test	64	0.06666666666666667	0.43429448190325176	0	0	1
88	105	test	54	0.0	0	0	0	1
14	111	test	90	0.0	0	0	0	1
60	114	test	45	0.07692307692307693	0.48089834696298783	0	0	1
1	24	test	50	0.25	1.3703124421796584	1	1	1
50	115	test	30	0.2222222222222222	0.8685889638065035	1	1	1
68	115	test	60	0.45454545454545453	2.192297540926426	1	1	1
73	108	test	64	0.23076923076923078	1.3530503517006527	1	1	1
51	70	test	48	0.16666666666666666	0.9360179602764065	1	1	1
89	115	test	66	0.3076923076923077	1.737177927613007	1	1	1
46	63	test	49	0.0	0	0	0	1
26	46	test	63	0.45454545454545453	2.247418049156726	1	1	1
32	35	test	42	0.08333333333333333	0.43429448190325176	1	1	1
25	85	test	72	0.0	0	0	0	1
11	82	test	72	0.4166666666666667	2.2767598237374562	1	1	1
17	42	test	81	0.5	2.6940210192995804	1	1	1
32	72	test	48	0.2727272727272727	1.4620911666427532	1	1	1
61	65	test	80	0.2857142857142857	1.7580030590231739	1	1	1
59	102	test	49	0.0	0	0	0	1
23	52	test	72	0.3076923076923077	1.80460692408291	1	1	1
23	79	test	72	0.4166666666666667	2.238901405986162	1	1	1
6	108	test	88	0.26666666666666666	1.8339486986636406	1	1	1
7	101	test	90	0.26666666666666666	1.783781792672743	1	1	1
67	92	test	56	0.15384615384615385	0.8513268733274981	1	1	1
21	37	test	42	0.0	0	0	0	1
31	102	test	70	0.4166666666666667	2.3271555338662315	1	1	1
50	68	test	50	0.25	1.2856213552307498	1	1	1
32	56	test	54	0.15384615384615385	0.9690179556831694	0	0	1
81	92	test	63	0.14285714285714285	0.9360179602764065	0	0	1
77	97	test	48	0.16666666666666666	0.9360179602764065	1	1	1
82	83	test	80	0.0	0	0	0	1
71	77	test	64	0.3333333333333333	1.884210784549409	1	1	1
35	55	test	49	0.2727272727272727	1.3960911758292274	1	1	1
109	112	test	72	0.4166666666666667	2.2597265373963284	1	1	1
62	72	test	64	0.3333333333333333	1.975989509012504	1	1	1
51	79	test	54	0.15384615384615385	0.8894140952166705	0	0	1
63	71	test	56	0.25	1.4290911712359904	1	1	1
49	97	test	48	0.0	0	0	0	1
14	46	test	63	0.0	0	0	0	1
75	85	test	72	0.21428571428571427	1.2891843961619114	1	1	1
7	61	test	72	0.21428571428571427	1.3028834457097553	1	1	1
53	85	test	56	0.25	1.251097174272739	1	1	1
70	71	test	64	0.06666666666666667	0.43429448190325176	0	0	1
50	54	test	50	0.25	1.2856213552307498	1	1	1
64	110	test	70	0.0	0	0	0	1
53	75	test	63	0.3333333333333333	1.731995521235727	1	1	1
26	34	test	81	0.5	2.761316391526477	1	1	1
22	33	test	64	0.0	0	0	0	1
33	107	test	80	0.2857142857142857	1.7469633129119337	1	1	1
47	84	test	60	0.3333333333333333	1.7199158371340015	1	1	1
12	70	test	72	0.21428571428571427	1.4169163072393944	1	1	1
22	52	test	72	0.3076923076923077	1.825432055493077	1	1	1
36	56	test	81	0.5	2.8202287448258154	1	1	1
28	64	test	49	0.0	0	0	0	1
24	105	test	45	0.16666666666666666	0.8894140952166705	1	1	1
38	90	test	80	0.38461538461538464	2.275464442324086	1	1	1
87	98	test	63	0.0	0	1	0	1
11	29	test	72	0.0625	0.45511961331341866	0	0	0
30	79	test	72	0.0	0	0	0	0
16	24	test	60	0.0	0	0	0	0
109	14	test	72	0.0	0	0	0	0
59	90	test	56	0.07142857142857142	0.4170323914242463	0	0	0
43	66	test	36	0.09090909090909091	0.5138983423697507	0	0	0
29	57	test	64	0.0	0	0	0	0
13	34	test	81	0.0	0	0	0	0
44	90	test	72	0.0	0	0	0	0
17	8	test	90	0.0	0	0	0	0
86	91	test	56	0.0	0	0	0	0
62	77	test	64	0.0	0	0	0	0
25	46	test	63	0.0	0	0	0	0
1	83	test	100	0.05263157894736842	0.48089834696298783	0	0	0
62	67	test	64	0.06666666666666667	0.4170323914242463	0	0	0
108	25	test	72	0.0	0	0	0	0
13	32	test	54	0.07142857142857142	0.43429448190325176	1	1	0
112	28	test	63	0.0	0	0	0	0
50	90	test	40	0.08333333333333333	0.4170323914242463	0	0	0
16	21	test	84	0.0	0	0	0	0
111	92	test	70	0.0	0	0	0	0
108	112	test	72	0.0	0	0	0	0
51	89	test	66	0.0	0	0	0	0
54	73	test	80	0.058823529411764705	0.5138983423697507	0	0	0
2	92	test	77	0.058823529411764705	0.45511961331341866	0	0	0
17	63	test	63	0.06666666666666667	0.45511961331341866	0	0	0
56	65	test	90	0.05555555555555555	0.45511961331341866	0	0	0
113	48	test	100	0.0	0	0	0	0
101	72	test	80	0.058823529411764705	0.5138983423697507	0	0	0
111	13	test	90	0.0	0	0	0	0
107	111	test	100	0.0	0	0	0	0
101	36	test	90	0.0	0	0	0	0
101	60	test	50	0.0	0	0	0	0
111	73	test	80	0.0	0	0	0	0
29	69	test	80	0.058823529411764705	0.45511961331341866	0	0	0
14	5	test	81	0.0	0	0	0	0
25	49	test	72	0.0625	0.48089834696298783	0	0	0
37	87	test	54	0.0	0	0	0	0
113	43	test	60	0.14285714285714285	0.9690179556831694	0	0	0
12	9	test	81	0.0	0	0	0	0
37	99	test	66	0.0	0	0	0	0
43	90	test	48	0.0	0	0	0	0
108	79	test	72	0.0	0	0	0	0
76	94	test	72	0.0	0	0	0	0
22	41	test	88	0.05555555555555555	0.43429448190325176	0	0	0
38	76	test	90	0.0	0	0	0	0
12	15	test	63	0.0	0	0	0	0
56	61	test	72	0.0	0	0	0	0
79	82	test	72	0.0	0	0	0	0
53	77	test	56	0.0	0	0	0	0
31	69	test	100	0.05263157894736842	0.5581106265512472	0	0	0
82	93	test	88	0.0	0	0	0	0
18	76	test	81	0.0	0	0	0	0
65	94	test	80	0.058823529411764705	0.43429448190325176	0	0	0
33	79	test	72	0.0	0	0	0	0
108	12	test	72	0.0625	0.45511961331341866	0	0	0
15	36	test	63	0.0	0	0	0	0
1	27	test	90	0.0	0	0	0	0
44	87	test	81	0.0	0	0	0	0
58	97	test	54	0.15384615384615385	0.9151928288662396	0	0	0
60	92	test	35	0.0	0	1	0	0
72	98	test	56	0.0	0	0	0	0
110	96	test	100	0.05263157894736842	0.43429448190325176	0	0	0
57	9	test	72	0.0	0	0	0	0
103	40	test	63	0.06666666666666667	0.43429448190325176	0	0	0
39	54	test	110	0.0	0	0	0	0
25	68	test	90	0.05555555555555555	0.43429448190325176	0	0	0
24	25	test	45	0.07692307692307693	0.48089834696298783	1	1	0
73	97	test	48	0.0	0	0	0	0
3	5	test	90	0.0	0	0	0	0
113	26	test	90	0.0	0	0	0	0
109	7	test	72	0.0625	0.43429448190325176	0	0	0
105	111	test	90	0.11764705882352941	0.9924051084544989	0	0	0
45	73	test	64	0.0	0	0	0	0
113	71	test	80	0.0	0	0	0	0
101	35	test	70	0.0	0	0	0	0
8	90	test	80	0.0	0	0	0	0
18	74	test	90	0.0	0	0	0	0
10	39	test	110	0.05	0.45511961331341866	0	0	0
31	68	test	100	0.0	0	0	0	0
40	41	test	99	0.0	0	0	0	0
25	66	test	54	0.0	0	0	0	0
21	24	test	35	0.0	0	0	0	0
11	68	test	90	0.0	0	0	0	0
23	84	test	48	0.0	0	0	0	0
54	99	test	110	0.10526315789473684	0.9947966893327386	0	0	0
76	80	test	81	0.0	0	0	0	0
113	39	test	110	0.0	0	0	0	0
88	94	test	48	0.0	0	0	0	0
28	43	test	42	0.08333333333333333	0.45511961331341866	0	0	0
50	79	test	45	0.0	0	0	0	0
72	92	test	56	0.0	0	0	0	0
35	69	test	70	0.0	0	0	0	0
34	75	test	81	0.0	0	0	0	0
15	50	test	35	0.0	0	0	0	0
25	47	test	90	0.05555555555555555	0.43429448190325176	0	0	0
60	87	test	45	0.0	0	1	0	0
110	19	test	100	0.0	0	0	0	0
27	33	test	72	0.0	0	0	0	0
71	95	test	72	0.0	0	0	0	0
107	70	test	80	0.0	0	0	0	0
112	95	test	81	0.0	0	0	0	0
30	60	test	40	0.0	0	0	0	0
113	83	test	100	0.0	0	0	0	0
100	74	test	70	0.0	0	0	0	0
4	69	test	110	0.0	0	0	0	0
58	98	test	63	0.06666666666666667	0.43429448190325176	1	0	0
105	35	test	63	0.0	0	0	0	0
103	91	test	56	0.0	0	0	0	0
105	25	test	81	0.058823529411764705	0.45511961331341866	1	1	0
38	72	test	80	0.0	0	0	0	0
113	59	test	70	0.13333333333333333	1.0277966847395015	1	0	0
34	6	test	99	0.0	0	0	0	0
37	84	test	36	0.0	0	0	0	0
52	94	test	72	0.0	0	0	0	0
107	37	test	60	0.0	0	0	0	0
104	30	test	64	0.0	0	0	0	0
113	114	test	90	0.05555555555555555	0.5581106265512472	0	0	0
36	50	test	45	0.0	0	0	0	0
55	95	test	63	0.06666666666666667	0.45511961331341866	0	0	0
15	43	test	42	0.0	0	1	1	0
28	41	test	77	0.0	0	0	0	0
86	92	test	49	0.0	0	0	0	0
15	84	test	42	0.0	0	0	0	0
