mS#id1	mS#id2	mD#data	C#e2v-0	C#e2v-1	C#e2v-2	C#e2v-3	C#e2v-4	C#e2v-5	C#e2v-6	C#e2v-7	C#e2v-8	C#e2v-9	C#e2v-10	C#e2v-11	C#e2v-12	C#e2v-13	C#e2v-14	C#e2v-15	C#e2v-16	C#e2v-17	C#e2v-18	C#e2v-19	C#e2v-20	C#e2v-21	C#e2v-22	C#e2v-23	C#e2v-24	C#e2v-25	C#e2v-26	C#e2v-27	C#e2v-28	C#e2v-29	C#e2v-30	C#e2v-31	C#e2d	cD#class
24	28	train	-0.007484491	0.0028296113	0.3339845	0.018553974	0.026218845	0.07145309	0.14212301	-0.0011231133	0.046395324	0.00073667534	0.06545336	0.020486286	0.0072000218	0.0023487112	0.038837884	0.003831789	0.11314122	0.025134316	0.040927574	-4.756952e-05	0.043417357	0.17082976	0.2520325	0.004686956	-0.00916609	0.06807388	0.1875647	0.0043862094	0.10574002	0.35252127	0.06926883	0.16728008	2.3676364663915592	1
3	10	train	0.008350321	0.007747494	0.21853071	0.01847793	0.006707731	-0.0003796254	0.12537383	0.006781906	0.0010057417	0.0024393697	0.0002679164	0.047687586	-0.0070055616	0.00039857574	0.0023165285	0.02143513	0.04640403	-0.0017940773	-0.014514212	0.008188491	-0.0075213616	0.0109808585	0.5966278	0.15877016	0.054901376	-0.013539808	0.049023163	0.0023708658	0.0061128414	0.12050011	0.0063929027	0.018459594	1.501498288300354	1
20	34	train	0.061332755	-0.0044527757	0.16030475	0.022305448	0.0032422047	0.05689287	0.12830964	0.06474398	0.008447063	-0.00543596	0.0040974426	9.782696e-05	-0.00063091534	-0.002941455	0.029059688	0.04370631	-0.0039837244	-0.00019949644	-0.03172542	0.0024595624	-0.014062145	0.13200396	0.2683013	0.06690125	0.02201561	-6.991647e-05	0.02591205	0.042696923	0.018317642	0.11110049	-0.0136281345	0.022206748	1.2173255833840813	1
1	5	train	0.024510529	0.020504639	0.09430644	-0.00050933287	0.073661886	0.15102868	0.031080412	0.0033529813	0.079468556	0.025324779	0.0036241992	0.024000285	0.013539137	0.14054331	0.017144946	3.6950994e-05	0.00082834193	-0.0020211143	0.035040837	0.10081238	0.052842475	0.05556221	0.42130262	0.04768252	0.10719992	0.010498383	0.13695323	0.23203096	0.12859517	0.0069314535	0.010730923	0.024376532	2.0709852447762387	1
1	20	train	0.040279098	-0.0033395763	0.12902114	-0.00035770243	-0.0049403026	0.0882453	0.08235428	0.007332145	0.018216249	-0.0037346326	-0.0018569579	0.007328208	0.0039780242	0.06351854	0.020249248	0.005645189	0.004785702	-1.5170009e-05	0.016421326	0.03156048	0.013442644	0.07038958	0.3266828	0.12216131	0.037703007	5.73437e-05	0.09385417	0.10018284	0.0730589	0.053763293	-0.006850398	0.015880372	1.4050164499485618	1
27	34	train	0.059989367	0.01712616	0.14876594	0.15353575	-0.0025283957	0.03594643	0.20066324	0.020584553	0.027881099	-0.00848602	0.050195985	3.0699397e-05	-0.0018763404	0.00040524398	0.040060885	0.12629734	-0.0007383672	0.058996934	0.07872651	0.0024999997	0.06511565	0.30591896	0.22459432	0.02128688	-0.012681945	0.0032624085	0.025642226	-0.0069728927	-0.0031655026	0.2278743	0.029520905	-0.031869974	1.8566023458333802	1
21	33	train	0.11391696	0.051692106	0.24950266	0.23082198	0.032219194	0.021630486	0.06683356	0.073674604	0.006749849	0.0034468565	0.038056303	0.0044089905	-0.0033000694	0.028403824	0.087787256	0.25414193	0.0014787704	0.05374121	0.022723824	0.0026351588	0.17759088	0.20779154	0.24604765	0.018731872	-0.0020286378	0.0018146561	0.0006010255	-0.00075861014	0.00032070914	0.19922803	0.014509631	0.005285554	2.2096997488406487	1
2	31	train	0.07671774	-0.021146072	0.21271186	0.017430866	0.0020759725	0.03294611	0.140747	0.043519937	0.005939974	0.009202334	-0.002050726	0.007888078	0.0025696077	0.020599598	0.021997722	-0.008316539	-0.011223822	-0.0018751996	0.0046163425	0.009595275	-0.016304497	0.05909481	0.35350853	0.25990596	0.003637881	-0.0025171416	0.017912475	0.024044232	0.027309174	0.07902182	0.01765482	0.024062308	1.4112764257006347	1
3	28	train	-0.011325395	-0.0064211064	0.26413286	0.011430541	-0.011711836	0.015709132	0.118148744	0.008550964	-0.0061365594	0.017792037	-0.0017941962	0.04125749	0.006961674	-0.00044567452	0.0026863539	0.0017148525	0.14219402	-0.0074391593	-0.020710414	0.00014630209	-0.07978451	0.012639365	0.46927848	0.051537406	0.021215333	0.059927944	0.09660798	0.005078051	-0.027736282	0.15408197	-0.04169622	-0.052056026	1.2338341201393632	1
6	17	train	0.06577163	0.053880293	0.066621035	0.03994265	0.014741924	0.3602238	-0.0013737181	0.014606185	0.26161528	0.10369231	0.00058541645	0.010460437	0.002163043	0.3395817	0.008257901	0.005662039	0.004427476	0.0034548873	0.14550903	0.081116654	0.06062414	0.007069849	0.57520914	0.042386428	0.15989126	0.09196839	0.19884956	0.28986812	0.4302291	0.034596868	0.12540592	0.11662105	3.713659789180383	1
19	34	train	0.05961725	0.010299374	0.24031977	0.16186355	0.011916726	0.033025287	0.111148946	0.043932587	0.0012031847	0.00805438	0.027100831	9.174867e-05	0.00090410426	-0.0017466337	0.04230636	0.16703203	0.004883749	0.026364066	0.023542995	0.002265131	0.07829167	0.18023989	0.25320935	0.017867615	-0.0022469556	0.010081162	0.011262819	0.0009566034	0.0056713833	0.16750647	0.013242778	0.021836692	1.732044922078785	1
1	7	train	0.036718942	0.027247727	0.065324925	0.00089174474	0.05131944	0.16626151	0.009808375	0.003367678	0.112438366	0.023710657	-0.0031106535	-0.00050938386	0.005987171	0.17322087	0.026089981	0.002055456	0.0012921588	-0.0014780004	0.033222497	0.07123726	0.053903643	0.021225208	0.4723653	0.045858715	0.10478048	0.016528282	0.17692038	0.22182986	0.16120657	0.021913987	0.03146121	0.036405947	2.169496299698949	1
1	13	train	0.038631633	-0.009037322	0.10732152	-0.0008297739	0.04735917	0.06350427	0.10710463	0.0030678255	0.0061250045	0.009171095	0.0042890985	0.0100272335	-0.0031712197	-0.001421778	-0.008858791	-0.000524018	0.017082699	-0.0016391688	0.023447808	0.079834536	0.035349127	0.027176268	0.46086824	0.16701028	0.09572877	0.0020670318	0.08715904	0.060846042	0.08382824	0.053269506	-0.01517232	0.024076283	1.5736909547122195	1
32	34	train	0.027193781	0.008146227	0.22147174	0.101797886	0.014033847	0.034565732	0.017707264	0.07046339	-0.02066106	0.020967303	0.010965444	0.00072058046	-0.0022302195	-0.0027912853	0.036279727	0.05833191	-0.0144056715	-0.0067312135	-0.013675324	-0.00038815095	0.07153866	0.0015176667	0.39290115	0.0263712	0.034774873	-0.015851341	0.019379916	-0.003559229	-0.008950596	0.14462738	0.011195455	-0.009901588	1.225805451598717	1
32	33	train	0.042130098	0.015041991	0.29584005	0.1210666	0.028055128	0.016778441	0.012818542	0.07516493	0.021716226	0.017344741	0.012421311	0.010621164	0.0071232845	0.040476266	0.049719587	0.101664685	-0.0027796556	-0.011360742	-0.013223869	-0.0005109164	0.12541775	0.0018733443	0.34927985	0.021720463	0.0116096055	-0.013692298	0.0013341263	0.0006889023	-0.0017246265	0.15503986	0.0075704413	-0.007767526	1.4914577646413818	1
14	34	train	0.025824802	-0.0051773405	0.15799627	0.021147745	-0.021355558	0.03467402	0.14002196	0.016513767	0.009595899	0.004044256	0.0056909677	0.00030543617	0.0013365742	0.0001738146	0.0058410135	0.035514064	-0.011443831	-0.0040951897	-0.018272351	0.0033348931	-0.011362975	0.04474082	0.38481888	0.059792794	0.03886226	-0.0027939095	0.024003997	0.011567813	0.01479575	0.15629312	-0.0008969925	0.014229762	1.1357225343526807	1
2	4	train	0.05602226	0.026986904	0.143902	0.001871024	-0.0035152717	0.015586445	0.14794368	0.015041593	-3.986673e-05	-0.004505986	0.0034878405	0.010495346	0.009858815	0.0104931705	0.0067823287	-0.003093781	0.06277003	0.0004004347	0.029581377	0.014812955	0.037356086	0.03197676	0.5693705	0.3552575	0.097109936	0.0025040756	0.052739624	0.028898792	0.09047366	0.048911814	0.028437814	0.05192678	1.9398446603918273	1
1	9	train	0.031856034	0.0055188877	0.12212185	-0.000919225	0.024748493	0.06563415	0.069549575	0.005206201	0.031429987	0.0068797087	-0.00354955	0.004128125	-0.000528954	0.04152895	0.016123129	0.010226752	0.0028158142	0.0005207239	-0.0008435684	0.052177623	-0.005089647	0.07254703	0.33928233	0.07124183	0.0479041	-0.0013341334	0.08817782	0.07704805	0.07167842	0.06002769	0.0028649617	0.020145683	1.3291188493021764	1
1	14	train	0.01695994	-0.0038829988	0.12716316	-0.00033913687	0.03254049	0.05378212	0.08987172	0.0018701559	0.020693732	0.0027784994	-0.002579142	0.022880195	-0.008427318	-0.0037533971	0.00407011	0.004587063	0.01374763	-0.00031140438	0.009457912	0.042792503	0.010862385	0.02385752	0.46855423	0.10918131	0.06655387	0.0022914934	0.08694315	0.027142389	0.059012033	0.07563273	-0.00045088754	0.010175913	1.3636579562153202	1
1	18	train	0.046519596	-0.01129402	0.112614274	-0.00022684356	-0.004126598	0.07358478	0.07963685	0.0075054653	-0.007988121	-0.00490669	0.0053647473	0.019318944	0.0036969038	0.06880753	0.017954944	-0.0009999862	0.013361809	-0.0015558098	0.03388382	0.038324334	0.043648396	0.03389917	0.4423611	0.19692291	0.07968479	0.0060042785	0.09312353	0.11398156	0.10057554	0.03599209	-0.019734042	0.031007053	1.6469422856607707	1
15	33	train	0.10912568	0.047772877	0.2667417	0.26218978	0.037644003	0.018716209	0.082222424	0.066292755	0.0052661276	0.0022703828	0.03252829	0.0033923336	0.0014559057	0.02861726	0.08798283	0.3023561	0.0015908967	0.061508924	0.028494835	0.001508708	0.17971437	0.24565071	0.24410258	0.013972351	-0.0029415162	0.0055946787	0.00047380387	-0.00049219	0.00046419376	0.19682312	0.01525045	0.009486245	2.3557768006867263	1
2	8	train	0.04458867	0.04502742	0.18283512	0.008476825	-0.0031713224	0.015646838	0.16975014	0.025774226	0.0078455545	-0.0027622995	0.0035440482	0.010943433	0.0022731216	-0.00256792	-0.0004147922	0.0013778264	0.05250183	0.0020242373	0.020884356	0.02165853	0.023119738	0.027198484	0.57099783	0.39280847	0.108438805	0.0021363501	0.051888052	0.03198848	0.06307305	0.056717817	0.056283783	0.049715117	2.040601812681416	1
3	29	train	0.0046742726	0.024811508	0.251416	0.020112839	-0.0062393877	0.0008941803	0.042388517	0.020790527	0.011081755	0.014194342	8.9239395e-05	0.09410358	0.022931604	-0.00074020226	0.001863302	-0.0018399148	0.13617139	0.012122681	0.00825869	-0.024933614	-0.014904003	-0.0027581318	0.74279296	0.16210586	0.08711901	0.08322901	0.06623975	0.0072853845	-0.013647628	0.08469585	0.0041763866	-0.0028748997	1.835610867019568	1
2	3	train	0.025592167	0.06620689	0.2052733	0.006216518	-0.0011296588	0.010437429	0.14239348	0.024832435	0.0040607797	-0.031805236	0.00039059998	0.0110219205	0.0133371875	-0.0009125684	0.0019360895	-0.0022375858	0.10403272	0.0013814968	0.027758706	0.012286118	0.036511954	0.0077073365	0.59419566	0.33660832	0.08122505	0.009021658	0.051891457	0.01751455	0.02689681	0.05137983	0.043435942	0.039387405	1.9168487679271493	1
5	7	train	0.044709396	0.09610173	0.058035944	-0.008402796	0.0828704	0.24758972	0.004954703	0.010250474	0.16417831	0.10546577	-0.0016193192	-0.0004277588	0.0042270343	0.26467514	0.018154096	4.8948954e-05	0.00018557797	0.019203477	0.0949349	0.1399376	0.05372326	0.022675814	0.44913858	0.020774378	0.1303362	0.065195866	0.20396943	0.36531445	0.23063888	0.005759845	0.04617198	0.0631401	3.001912138533953	1
21	34	train	0.07353016	0.027994672	0.18678263	0.19408482	0.016116811	0.04456156	0.09232248	0.06906628	-0.0064218813	0.004166755	0.033595834	0.0002991228	0.0010332143	-0.0019587572	0.0640572	0.14581843	0.007663784	0.031841543	0.023499602	0.0020019703	0.10129836	0.16833976	0.27677634	0.022742696	-0.0060764872	0.0021007964	0.008730675	0.0039193765	0.0016644403	0.18584788	0.02145739	0.0067377156	1.8035951796045993	1
9	34	train	0.048507	0.007358529	0.15173261	0.05732062	-0.016241854	0.042315174	0.10835965	0.045971565	0.01457441	0.010013788	0.007832207	5.5107867e-05	8.38922e-05	-0.0019231479	0.023138296	0.07917779	-0.0023439461	0.0068478896	0.0016297443	0.0040662917	0.005324202	0.1360499	0.27864915	0.039015364	0.027972251	0.0016266459	0.024344878	0.032837108	0.017971521	0.12404569	0.005699535	0.02817126	1.3101831219937594	1
30	34	train	0.048105	0.020767773	0.19554916	0.15901528	0.018422797	0.052062392	0.1946345	0.039633606	0.019981667	-0.010085699	0.06746728	0.00010466109	0.00052966503	0.00043279008	0.048784025	0.10127677	-0.0056029973	0.050784566	0.0650157	0.0026936661	0.11534828	0.27058098	0.22646996	0.020670485	-0.019663956	-0.00034764875	0.029790727	-0.0073631094	-0.01489877	0.24619721	0.032867312	-0.053330075	1.9158940020060982	1
30	33	train	0.07452691	0.038347647	0.26121292	0.18911433	0.036829103	0.025271442	0.1408987	0.042278085	-0.021002138	-0.008343173	0.076424815	0.0015426767	-0.0016917414	-0.006275864	0.066856116	0.17651181	-0.00108113	0.08571268	0.06286938	0.0035456263	0.20222244	0.33399382	0.20132646	0.017025108	-0.00656482	-0.00030029702	0.0020508135	0.0014251577	-0.0028707378	0.2639222	0.022225097	-0.041835994	2.236167454306269	1
1	32	train	0.01785899	0.00610966	0.17825133	-0.0016324869	-0.021384044	0.053614154	0.011365234	0.007979859	-0.04455596	0.014405031	-0.004969531	0.05397861	0.014061898	0.060275737	0.025280284	0.0075342585	0.017305728	-0.00051185157	0.0070784544	-0.0049806545	-0.068387054	0.0008092782	0.4783952	0.04815366	0.059553985	0.013000865	0.070194595	-0.008351274	-0.035698954	0.06998749	0.005627573	-0.0070807715	1.0232692853896879	1
29	32	train	0.005041704	-0.008466124	0.33036396	0.04763183	0.009847952	0.0022925567	0.005343038	0.039275438	0.057748508	0.010401005	-0.00053321	0.1555997	0.010488421	0.022220584	0.017317375	-0.0040663215	0.07315513	0.005479183	0.0036051106	0.003704411	0.0152613735	-0.00020395049	0.6636494	0.04921313	0.06560168	0.07227093	0.053006325	-0.0020218978	0.01779801	0.13170595	-0.0016476867	0.0011790575	1.8522625476616668	1
25	32	train	-3.9290284e-05	0.009203777	0.42051265	0.055885598	0.031405292	0.05373655	-0.0019902822	0.017010212	-0.0019754875	0.061396256	0.020014692	0.09517327	0.024509147	0.06980193	0.033647243	0.021872042	0.12394829	0.001522785	-0.004480012	0.0035838266	0.09279676	0.0006013181	0.42780966	0.00024238358	0.0030114346	0.15067479	0.08582108	-0.0019024796	0.060869288	0.14860952	0.015648207	0.02146653	2.0403869624897197	1
27	30	train	0.0618294	0.034412783	0.1775273	0.11615873	-0.0023708364	0.04439446	0.26150215	0.009498403	0.04760515	0.0070953793	0.09991009	0.0006308571	-0.0020602918	0.0008891462	0.03851224	0.13752505	0.0010351576	0.11137226	0.111830465	0.02160571	0.12945649	0.45256183	0.1701863	0.013938257	0.008486674	-0.00028665623	0.08436363	0.0020061743	0.008346902	0.4981766	0.033528853	0.061839566	2.7415082140651066	1
23	33	train	0.12524553	0.04286795	0.28529322	0.30549693	0.048884954	0.01458342	0.08611252	0.08436719	0.016160022	-0.0002218057	0.033248503	0.004832891	-0.0005067939	0.030523166	0.095374584	0.30459586	0.0019093468	0.06136284	0.027828649	0.0021686864	0.20230561	0.25464246	0.24871507	0.024513733	-0.0020393012	0.0072583123	-8.751824e-05	0.0007438183	-6.428513e-05	0.20036313	0.0024609386	0.011626443	2.5205660800565965	1
25	28	train	3.0292293e-05	0.0031406858	0.48759457	0.030683836	0.057913173	0.07636187	-0.014118652	0.004753437	0.0017318648	0.021962253	0.060486834	0.06368536	0.007568443	0.023642993	0.032387905	0.0022658433	0.18234766	-0.003040024	0.009912411	-0.00016115558	0.0859475	0.04462849	0.34727246	0.00017214818	0.001168997	0.123465195	0.15995347	0.0054164836	0.15528327	0.19170602	0.059432898	0.12847628	2.3520728065122967	1
5	11	train	0.03832269	0.040511657	0.0583673	0.005895044	0.120224334	0.17378265	0.029163647	0.018022502	0.0423522	0.07682369	0.005002773	0.033049036	0.020482987	0.14526707	0.024531638	-4.393803e-05	-0.0002556127	0.036951132	0.0372845	0.18599714	0.0646844	0.08203354	0.3819562	0.037156668	0.13813354	0.026471669	0.1786447	0.36339808	0.12846704	0.001773211	0.013858462	0.052320506	2.5606304376779008	1
15	34	train	0.07043752	0.025872152	0.19968814	0.22046018	0.018830432	0.038557775	0.113580324	0.062146164	-0.0050102524	0.002744567	0.02871574	0.00023014891	-0.00045582757	-0.001973476	0.06419991	0.17348215	0.008244883	0.036443897	0.029467631	0.0011461884	0.1025096	0.1990109	0.27458838	0.016964078	-0.008810881	0.006476864	0.006882616	0.0025429109	0.0024091073	0.18360448	0.022552941	0.01209251	1.9076317395229125	1
10	34	train	0.015458466	-0.003354025	0.21246539	0.090351425	-0.014821832	-0.0011870132	0.13329314	0.015617021	-0.0029686142	0.0010283228	-0.004948431	0.0005573264	0.0006930351	0.0008455365	0.030114232	0.075534634	-0.0069161993	0.0032407765	0.021205202	0.0009769051	0.006246246	0.09785778	0.40548602	0.057699956	0.034933243	0.002934628	0.01832905	0.0047311126	0.0050323782	0.14590673	-0.0065193675	0.021014404	1.3608374744071625	1
4	8	train	0.051941447	0.015287758	0.10824414	0.0036078736	0.035152096	0.009652439	0.16365786	0.010183625	-2.5478183e-05	0.0008352068	0.008050228	0.035254244	0.006209813	-0.001418192	-0.00022536662	-0.00637686	0.054783493	0.003501561	0.017191835	0.046543553	0.054500643	0.033719268	0.5958137	0.29438487	0.11584473	0.005535842	0.06582896	0.019367265	0.06576152	0.08071744	0.023607032	0.0352909	1.9524234277869255	1
31	33	train	0.11708949	0.0140799275	0.23330095	0.14334157	0.032664996	0.020657001	0.100518875	0.069731444	0.0060957517	-0.0068486845	0.010914434	0.0045970944	0.0030005935	0.03043608	0.060782842	0.17097361	0.0005582168	0.034118284	-0.005037904	0.002685707	0.054694116	0.19424635	0.23258035	0.055243127	0.0006905164	0.004399555	0.0005755031	-0.0034077116	0.0013427295	0.15333967	-0.007799401	0.011570452	1.7411355403601192	1
31	34	train	0.07557793	0.007625206	0.17465372	0.12052762	0.016339812	0.042556055	0.13885467	0.06536976	-0.0057995664	-0.008279077	0.009635184	0.0003118845	-0.0009394518	-0.0020989038	0.04435244	0.098099135	0.00289298	0.020215005	-0.005209895	0.0020403725	0.031197686	0.15736629	0.26162714	0.06707166	0.0020683405	0.0050932895	0.00835993	0.01760602	0.006968598	0.14304137	-0.011534048	0.014749335	1.5003404915332794	1
7	17	train	0.061537977	0.07775774	0.059461556	0.021273656	0.020898446	0.32795483	-0.00072154304	0.015694132	0.2558424	0.1160105	0.00035038963	0.00046706828	-0.0018452617	0.36506265	0.016162997	0.005613993	0.0008275087	0.0048785037	0.10611915	0.10640534	0.04757816	-0.009017621	0.5378408	0.031977363	0.13346063	0.09297378	0.23455326	0.3285351	0.3674055	0.02128153	0.1475862	0.1266781	3.620604814379476	1
33	34	train	0.072309	0.01908442	0.21889356	0.24996668	0.03927666	0.02046242	0.108118385	0.09162335	-0.012300407	0.009978372	0.038396712	7.507128e-05	-0.0015406958	-0.002860335	0.06954452	0.16210116	0.0007711589	0.045404352	0.04425884	0.0004102649	0.101716384	0.22577035	0.26568988	0.026001202	0.009810049	0.0034176533	0.0006233423	-0.0049534435	0.0010887068	0.12072243	0.019568369	0.021560824	1.9649892402958358	1
3	8	train	0.023727965	0.037505407	0.15440808	0.011987238	0.011296389	0.0064637344	0.15751813	0.016812328	0.0025951786	0.005895258	0.00090153737	0.037023026	0.00840075	0.0001233371	-6.433335e-05	-0.004612082	0.09079612	0.012080359	0.016132552	0.03860402	0.053269092	0.008127332	0.6217918	0.27893117	0.09689527	0.019944474	0.06477028	0.011737823	0.019550169	0.08479032	0.0360574	0.026768789	1.9502289029042004	1
23	34	train	0.08084243	0.023215814	0.21357615	0.25687468	0.024453424	0.030043704	0.118954025	0.07909005	-0.015374826	-0.00026813126	0.029351542	0.00032788183	0.0001586714	-0.0021049092	0.06959357	0.17476726	0.009895262	0.03635734	0.028778702	0.001647584	0.11539572	0.20629545	0.2797769	0.029762559	-0.0061084274	0.008402824	-0.001271316	-0.0038429538	-0.0003336318	0.18690674	0.003639329	0.01482071	1.9936241196992341	1
2	20	train	0.062257726	0.01234835	0.19523616	0.0032258437	0.00041192197	0.044045407	0.13005824	0.04310332	-0.008651567	0.0060421615	-0.0008720884	0.0024742067	0.0017256925	0.028868781	0.014412892	-0.003705285	0.015455556	1.850584e-05	0.028111009	0.011566603	0.007349141	0.04957065	0.3625266	0.25924563	0.038721945	3.4553235e-05	0.055520676	0.058310438	0.07178483	0.06137639	0.020860173	0.036228452	1.607662918539063	1
1	4	train	0.036244914	-0.0072985315	0.09509713	-0.00020747125	0.0421597	0.031227559	0.093679525	0.0025586695	8.3941115e-05	0.0027851295	0.007426739	0.031085553	0.0227263	0.023087598	0.009528764	0.0047135316	0.01943629	-0.00032825305	0.017280256	0.04041843	0.0683297	0.04540652	0.51307565	0.16740386	0.094554566	0.004155702	0.089152984	0.049650855	0.09207942	0.042844817	-0.009338866	0.022761574	1.651782562948938	1
4	14	train	0.030537067	0.004874741	0.11392145	0.0013017108	0.030074352	0.01655989	0.13683636	0.0043438445	3.1916814e-05	0.0013591832	-0.0027513274	0.024886033	-0.009987143	-0.0009421196	0.0015740099	0.013934463	0.046327844	0.0006571249	0.013327991	0.03370237	0.01399896	0.020829314	0.5425621	0.17364436	0.073020704	0.0035779388	0.065250844	0.0095647955	0.060454443	0.12287772	0.0005758752	0.016479224	1.563406071432837	1
3	4	train	0.029812377	0.022478633	0.12152825	0.0026458504	0.012521551	0.006438786	0.13728303	0.009811515	-1.3187249e-05	0.009616608	0.0008872393	0.03550709	0.036435112	-0.0005039866	0.0010519242	0.010356001	0.10855385	0.0023897372	0.022850748	0.02640251	0.08607039	0.009555155	0.6200197	0.25226644	0.08677238	0.023377476	0.06583327	0.010604096	0.028043283	0.07312073	0.018218279	0.027959645	1.8978944530117587	1
6	7	train	0.07158659	0.0884903	0.045041174	0.027622145	0.04072665	0.29938036	0.0029768937	0.0095817065	0.2375339	0.08825894	0.0023221257	0.00020332799	-0.0021911578	0.30344504	0.014114322	0.0027461636	0.0015488748	0.009945137	0.123418406	0.07538316	0.06982892	-0.0067913095	0.5385626	0.02648347	0.1526239	0.10153212	0.2233849	0.30814818	0.33856705	0.029603414	0.11502419	0.086812265	3.4259137410117546	1
1	3	train	0.016557453	-0.017905464	0.13565414	-0.0006893278	0.013548334	0.020911466	0.09016508	0.004224153	-0.008550147	0.019658672	0.00083171355	0.03264518	0.030744558	-0.0020078789	0.0027200892	0.003409075	0.032212984	-0.0011324706	0.016215526	0.033523742	0.066785656	0.010944302	0.5354463	0.15861602	0.07908768	0.0149721205	0.0877192	0.03009165	0.027374186	0.0450067	-0.014264192	0.017265068	1.481781555863563	1
1	2	train	0.031114122	-0.021496551	0.16062851	-0.000487461	-0.0038035286	0.050620634	0.0971668	0.0064758593	-0.025848178	-0.009211325	0.0032695625	0.009649411	0.008319033	0.04180471	0.017537897	-0.0010184366	0.018626794	-0.00018976169	0.020991767	0.018808274	0.028986167	0.036625605	0.4917059	0.22337309	0.088509716	0.001603737	0.07027264	0.082007214	0.08831501	0.030105816	-0.022265684	0.032064762	1.5742620950913988	1
1	11	train	0.031473666	0.011486271	0.0656979	-0.0006256101	0.07445174	0.11669857	0.057732616	0.00592109	0.029005125	0.017271386	0.009610145	0.039355464	0.0290121	0.09507235	0.035255402	-0.001845038	-0.0017798027	-0.002843953	0.013047721	0.09468454	0.06490158	0.07678573	0.40170863	0.08202205	0.11104896	0.0067110276	0.15495406	0.22066619	0.08979289	0.006746384	0.009443042	0.030167475	1.9736297050258145	1
24	30	train	0.017172595	0.021139842	0.2543221	0.05278704	0.018664567	0.075734295	0.22021869	-0.00226061	0.051181577	-0.0009906143	0.13325606	0.0044467365	-0.0055374415	-0.0010751465	0.054254502	0.06421916	0.029912185	0.09498762	0.08794205	-0.0073413095	0.07558459	0.4103708	0.17896335	0.0051726415	0.013352096	0.0018220122	0.15469652	-0.0031871113	0.068994015	0.4651883	0.053542417	0.1505395	2.738073041429743	1
1	8	train	0.028847687	-0.012177538	0.12082595	-0.00093996525	0.038034614	0.031348556	0.107487604	0.0043843575	-0.016519153	0.0017073648	0.0075464235	0.032412715	0.0052399444	-0.0056500663	-0.00058275805	-0.0020991883	0.016256815	-0.0016593519	0.012199804	0.059097182	0.042289354	0.03862144	0.51454204	0.18509857	0.10558532	0.0035454337	0.08771345	0.05495923	0.06419249	0.04968257	-0.018483372	0.021792114	1.5752996388473548	1
28	34	train	-0.020966047	0.0027798088	0.25680184	0.055891853	0.025879223	0.049119342	0.1256117	0.019690717	0.018113079	0.0075002816	0.03313891	0.00048217768	-0.0006886935	-0.00094545155	0.034921862	0.006042919	-0.021193033	0.013437912	0.030257825	1.7454162e-05	0.06625844	0.11263785	0.31893563	0.018729627	0.013499122	-0.012988827	0.036120325	0.010133358	-0.022833811	0.18656908	0.04252106	-0.059260584	1.3462149395909364	1
3	14	train	0.013949987	0.011959187	0.16250665	0.0043249624	0.0096646175	0.011089293	0.13170287	0.00717133	-0.00325101	0.009593715	-0.00030811856	0.02613462	-0.013510792	8.193411e-05	0.00044931824	0.010078141	0.07678204	0.0022670762	0.01250678	0.027953323	0.013682626	0.0050204755	0.5662184	0.16452892	0.061076246	0.012890561	0.06420147	0.0057968884	0.017972432	0.12907794	0.0008795924	0.01249979	1.5549912445276277	1
25	26	train	3.402128e-05	0.0064752093	0.6585326	0.027897703	0.12750416	0.100159004	-0.0030087451	0.011468637	-0.00014855758	0.105269395	0.1260722	0.11730009	0.032755263	0.124266244	0.04931271	0.0044512125	0.29147843	0.0020396847	0.000106367275	0.043019224	0.1389273	0.008973276	0.4233456	-0.0002328674	0.0017760549	0.33003125	0.18244801	0.0011799057	0.26935256	0.17624749	0.07854629	0.1695896	3.605169320348068	1
4	13	train	0.069557846	0.011345511	0.09614596	0.0031849255	0.043769974	0.019553408	0.16307476	0.007125693	9.446851e-06	0.0044863056	0.0045754416	0.010906291	-0.0037581853	-0.00035687265	-0.0034259083	-0.0015918484	0.05756662	0.003458971	0.0330424	0.06287581	0.04555639	0.023726815	0.5336621	0.26561683	0.10503044	0.0032274644	0.065412864	0.021441737	0.085877225	0.086545005	0.019378144	0.03898996	1.8760115074792338	1
2	18	train	0.07190341	0.041760545	0.17040913	0.002045728	0.00034407535	0.03672798	0.12576675	0.044122215	0.0037938529	0.007938402	0.0025194613	0.0065226117	0.0016037407	0.031272594	0.012779866	0.00065635255	0.04315233	0.0018979268	0.058004357	0.014045488	0.023862733	0.023872904	0.49089715	0.41790158	0.081838295	0.003617961	0.055088457	0.06634185	0.09882161	0.04108871	0.0600922	0.07073748	2.111427738709608	1
1	6	train	0.03924511	0.018880635	0.073190376	0.0016743077	0.036201123	0.18262075	0.018673789	0.0031342243	0.11497545	0.021193018	-0.0051971506	-0.011408134	-0.00701825	0.16113026	0.013329736	0.002073047	0.006913525	-0.001046699	0.045554206	0.05430675	0.06868408	-0.016640645	0.50518453	0.06078635	0.12553129	0.01634955	0.14998956	0.19572157	0.1887717	0.035625037	0.026733002	0.033515655	2.1586777467746288	1
16	34	train	0.048279997	0.0067218994	0.23419869	0.121523425	0.005491332	0.022067426	0.10433911	0.038865384	0.0017340418	0.0006901732	0.017466372	0.0001501363	0.00010638259	-0.0011438411	0.040815983	0.14883314	0.0004562765	0.027615359	0.01409337	0.0019084694	0.052369848	0.14750618	0.29002446	0.031035742	-3.953313e-05	0.006265567	0.007919387	-0.0037648855	0.0065153865	0.1666645	-0.00065663765	0.017388428	1.5554415583319496	1
15	3	train	0.038048793	-0.059762325	0.2053887	0.0450867	-0.008521852	0.01233138	0.106832206	0.026987825	0.0016974316	0.0065106144	-0.0015547185	0.01969267	0.0046077436	-0.00093027286	0.004938559	0.049230564	-0.055318795	-0.020175153	-0.020169554	0.009607436	-0.123436034	0.022331495	0.4040264	0.046679232	-0.013847253	-0.029883005	0.018408353	0.0012743091	0.0029263482	0.15163359	-0.022115452	0.010622373	0.8331482923822477	0
17	34	train	0.051370032	0.022120962	0.12005109	-0.08040981	-0.012191138	0.12897547	-0.007051873	0.045330744	0.057424713	0.0405471	0.0017303807	-0.00034983124	0.0009373825	-0.008976895	0.02190612	0.03281106	-0.0030746765	-0.0067522256	-0.07567309	0.0059738895	-0.048954803	-0.041436892	0.41434684	0.040195215	0.064096935	-0.01825394	0.04348074	0.08893324	0.051361095	0.052923243	0.068237774	0.068389975	1.1180188280995935	0
23	27	train	0.10390684	0.038469255	0.19389291	0.18764383	-0.0031469201	0.025618762	0.15982127	0.01895435	-0.03662962	0.00018863274	0.043465737	0.0019763464	-0.0006172002	-0.004324434	0.054940205	0.23731875	-0.0018281564	0.07973287	0.049500898	0.013215157	0.12950973	0.34504068	0.21024509	0.020069107	0.0026363074	0.0069286083	-0.0036002088	0.0010470625	0.00018691421	0.37820315	0.00371258	-0.01718554	2.2388929694716353	0
19	5	train	0.047672495	0.027244091	0.17183915	0.02445926	-0.029321596	0.076281846	0.03603735	0.015143693	0.0037886698	0.024613407	-0.006393706	0.005771554	-0.004024658	0.057630587	0.020512776	0.00051377073	-0.0008425977	-0.026047641	-0.0348222	0.057096075	-0.07459211	0.10267938	0.29314712	0.014779923	-0.0047865706	-0.03261438	0.0470312	0.0036963706	0.03236252	0.021305457	0.009769259	0.027082924	0.9070134095381945	0
25	31	train	-0.000109196975	0.008615116	0.33161837	0.06616796	0.03656564	0.066158466	-0.015607153	0.015780585	-0.00055452	-0.024242714	0.017586632	0.041193273	0.010324168	0.052487474	0.04113419	0.0367831	-0.02489158	-0.0045731883	-0.0017067526	-0.01883891	0.040468246	0.062350444	0.2848722	0.0006164706	0.00017911415	-0.048414223	0.037020702	0.009410772	-0.047390543	0.14697982	-0.01612147	-0.031976394	1.0718860997003503	0
11	24	train	0.017108256	0.015589435	0.10616104	0.012950343	-0.049502145	0.1094461	0.10177209	-0.0029821678	0.03445113	0.0024691878	-0.041882686	0.022321427	0.04810505	0.010937204	0.056268573	-0.009057864	-0.007909394	-0.06995311	-0.034096684	-0.02011051	-0.044488147	0.21839277	0.26071206	0.011240689	-0.044029906	0.042883813	0.2221522	0.040707555	-0.1042556	0.026341882	0.030603161	-0.11908074	0.843265026807785	0
25	29	train	-1.2502384e-05	-0.012135782	0.46411902	0.05399036	0.030852783	0.0043465984	-0.005065384	0.011557346	-0.0031275018	0.017521307	-0.003008483	0.14525896	0.024930287	0.039267667	0.022464817	-0.0024310888	0.17462431	0.004953953	-0.0039527714	0.027465027	0.016055267	-0.009738722	0.5496769	0.00054147525	0.00480039	0.1714707	0.10967291	0.0077709276	0.07640708	0.10537706	-0.005952932	0.0070953635	2.0247953455354946	0
13	28	train	-0.02642426	-0.0032408882	0.20896627	0.013759441	-0.04093956	0.047705743	0.14034566	0.0062102075	0.0043960013	0.008300278	-0.009252566	0.012672573	-0.0007180782	-0.0003155819	-0.008748921	-0.00026359456	0.075406164	-0.010767642	-0.02994746	0.0003484086	-0.04222932	0.03138535	0.40391645	0.054264862	0.025679318	0.0082735745	0.09599105	0.010267941	-0.084937096	0.18236995	-0.044350803	-0.072592564	0.9555309116840363	0
10	30	train	0.015932618	-0.0067394758	0.25354195	0.06835611	-0.013898197	-0.0014659818	0.17370617	0.0072062174	-0.0050687143	-0.0008598071	-0.009849357	0.011452775	0.0007609784	0.0018551924	0.028950099	0.08224959	0.0096962	0.0061178193	0.030121842	0.008442692	0.012418168	0.1447661	0.30725694	0.037780866	-0.023377096	-0.0002578553	0.060303085	-0.0013611907	-0.013269541	0.3189799	-0.0074044787	-0.04077573	1.4555678806791548	0
27	8	train	0.05645839	-0.026904743	0.13628715	0.042816766	0.003212269	0.017234096	0.22500229	0.009278148	-0.018249745	-0.0017483337	-0.024658583	0.002608086	0.003232643	0.0005375404	-0.0006602243	-0.022069324	0.0025001445	-0.047855634	-0.04054095	0.036940753	-0.049649015	0.12114003	0.31756407	0.06835361	-0.026608776	-0.003564379	0.0685786	-0.006381919	-0.009016864	0.20774679	-0.037510797	-0.03533604	0.9687360545503907	0
15	17	train	0.077525474	0.055374067	0.14629318	-0.084341764	-0.011684375	0.11796903	-0.0053628446	0.032798406	-0.024585031	0.009225697	0.0014659151	-0.015808234	-0.000885795	0.08981261	0.027714083	0.0612002	-0.0063430415	-0.009147188	-0.048720032	0.021968378	-0.086494245	-0.045085642	0.38068116	0.021599835	-0.01921929	-0.029881597	0.033049807	0.008836691	0.021898916	0.08628486	0.05318056	0.030089946	0.8894097299780697	0
22	32	train	0.0021431397	0.00043221907	0.012113116	0.002592551	0.002778699	0.001795877	0.00033707038	0.0016063782	-0.00564851	-0.002727108	-0.0016112656	0.0073707644	0.0011052816	0.0021557256	-0.0017939457	-0.005316143	0.002545272	-0.0011953276	0.00034178855	-0.00067659875	0.0052949674	-0.000101463585	-0.007473762	-0.0030288491	0.0035518897	0.0068556983	-0.004408086	-0.00055891933	0.0036552127	-0.005789656	0.0010344959	-0.00065556116	0.016724949899071362	0
12	30	train	0.004592296	-0.0027708136	-0.00071627955	-0.0038994052	-0.0028268357	-0.0030684485	-0.0061383364	0.00032620475	-0.0052777706	0.002225365	0.0072853705	-0.00067640847	-0.00017970265	-0.00017734479	0.0043117697	0.00031320943	0.0004335605	-0.0005537357	0.005947744	0.003544553	-0.009864127	-0.014312966	-0.003569259	0.00055093574	0.002737229	1.2059699e-05	0.0052107545	0.00018346532	0.0045619016	-0.0044948747	-0.0019762823	2.3260236e-05	-0.01824291135653766	0
21	7	train	0.08808438	0.09840451	0.09251383	-0.05134813	-0.027627964	0.11330975	0.009446376	0.023911703	-0.02861119	0.011921625	0.006802914	-0.00039936617	-0.0020339089	0.079656616	0.04726334	0.024949625	-0.0020626066	-0.023005612	-0.032954354	0.03565857	-0.09844978	0.036634605	0.3592681	0.018092984	-0.0126522705	-0.0107001	0.047096904	0.01447887	0.011906376	0.07473327	0.046408527	0.012480206	0.9631777921167668	0
16	30	train	0.049760874	0.013506779	0.27947703	0.09193954	0.005149135	0.02725365	0.13597359	0.01793379	0.0029607627	-0.0005770715	0.03476507	0.003085225	0.00011681206	-0.0025097027	0.03923815	0.16206427	-0.0006396791	0.052131265	0.020019537	0.016493537	0.104116544	0.21821356	0.21976596	0.020321632	2.6455311e-05	-0.00055053306	0.026055003	0.001083197	-0.017179986	0.36436033	-0.00074578705	-0.033739995	1.849868939645603	0
24	31	train	0.026979923	0.007761817	0.22714648	0.040010598	0.016554246	0.061905585	0.15710674	-0.0037285415	-0.014855164	-0.0008131684	0.019030655	0.013251039	0.009821602	0.005214142	0.04932597	0.062204238	-0.015444474	0.03781021	-0.007047049	-0.0055608246	0.020442996	0.23866618	0.2067456	0.016784206	-0.0014044316	-0.026693713	0.043411233	0.00762074	-0.032270554	0.27027592	-0.018789515	-0.04163425	1.3698284240090288	0
11	26	train	-0.024178294	0.008492444	0.1727664	0.009431995	-0.14169708	0.11498645	0.016121453	0.02891886	-0.0017856938	0.07492451	-0.04321003	0.091610976	0.028431458	0.11091372	0.053012926	-0.0018232407	-0.012558232	0.012534452	-0.00017882208	-0.11030479	-0.12532713	0.017830212	0.42919105	-0.036050588	0.045258325	0.071803495	0.19465552	0.00811179	-0.15781397	0.021234052	0.036480453	-0.12006542	0.7717172758420929	0
10	20	train	0.020313716	0.0014449973	0.20784533	0.009588473	-0.002445926	-0.0016019993	0.11451297	0.011771807	-0.0021427516	-0.0004634163	-0.00059817405	0.010704935	-0.00090644637	-0.012608803	0.017245006	0.035495073	0.0068939864	-2.403256e-05	-0.01469842	0.007708946	-0.0015139028	0.070624694	0.36401045	0.122280024	0.026172813	-5.1857893e-05	0.052451774	0.007893221	0.016314548	0.14394484	0.0030702006	0.016979095	1.230211179030448	0
14	15	train	0.038973697	-0.012960124	0.19253282	0.022181846	-0.020467848	0.031715028	0.106484614	0.011948298	-0.0041082567	0.00092019123	0.004821179	0.013802102	-0.0012630176	-0.0017389912	0.0073896395	0.06624193	-0.023608563	-0.0055477214	-0.01176415	0.012263735	-0.020076314	0.0486805	0.35355234	0.03213105	-0.011652742	-0.004573614	0.018245492	0.0011494149	0.006308489	0.25481677	-0.0006990639	0.0062607536	1.1119594844640233	0
11	19	train	0.06121566	0.015261573	0.1197105	0.030043142	-0.029636003	0.05894233	0.06694025	0.026742522	0.0013828217	0.016786234	-0.016953936	0.009464146	-0.008624166	0.03898496	0.042180724	-0.025653614	0.0018104331	-0.036652192	-0.012966311	0.053625513	-0.09161468	0.14190061	0.2795134	0.025423983	-0.0049584336	-0.020848544	0.053212877	0.003515324	0.022597458	0.020736601	0.008596793	0.033516802	0.8841967696789652	0
4	5	train	0.044132218	-0.025741652	0.08448616	0.001954975	0.06807929	0.04650278	0.047322236	0.0077880295	0.00012256768	0.012388347	0.003866153	0.026104318	0.016045116	0.035277005	0.006630365	0.00011224879	0.002791412	0.004264951	0.049379177	0.07939747	0.06810104	0.04850976	0.48784712	0.07583533	0.11761621	0.01639218	0.10278342	0.08176615	0.13173838	0.011261278	-0.013705575	0.039476197	1.6785246583312983	0
19	22	train	0.004698431	0.00054645987	0.0131439855	0.0041222814	0.0023595095	0.0017158425	0.0021157993	0.0010015464	0.0003289377	-0.0010475914	-0.003982204	0.0009384904	-0.00044806793	0.0013489352	-0.0020919482	-0.015222649	-0.00086288725	0.004681726	-0.0005884121	0.0039484245	0.005794795	-0.012049935	-0.0048165466	-0.0020521749	-0.00022950304	-0.0043600984	-0.0025618004	0.00015021909	-0.0023160595	-0.006705541	0.0012236752	0.0014457568	-0.009770603151991963	0
29	4	train	0.010232166	0.010113537	0.17624927	0.0060534854	-0.019415723	0.0013352995	0.044040736	0.012593314	-0.000108795204	0.002010974	0.00079685816	0.08960777	0.016950984	0.008511217	0.0065273466	-0.0025439442	0.082161486	0.0035138284	0.008800966	-0.03006161	-0.015248574	-0.011443139	0.7117595	0.17108706	0.10415656	0.02310127	0.06732244	0.012020796	-0.04590696	0.08062751	0.0027343093	-0.0037901527	1.5237897814731696	0
28	29	train	-0.0038870876	-0.00288897	0.383065	0.026152128	0.018160192	0.0032578185	0.03790241	0.010975366	-0.0506268	0.0037205769	-0.0016114255	0.104119815	0.0032388323	0.007526456	0.016669225	-0.0004212523	0.10762283	-0.010938412	-0.007976616	-0.00016657796	0.0141349435	-0.015136752	0.53871423	0.03495266	0.02546566	0.05921989	0.09879328	0.005756475	0.0454044	0.16990046	-0.0062580206	0.0070566093	1.6218973377835937	0
11	33	train	0.07424769	0.028279217	0.10903745	0.04639577	-0.09767811	0.03652058	0.06511507	0.05577271	-0.014136871	0.02079605	-0.024020497	0.007743824	0.014696554	0.06384283	0.069337994	-0.024896305	0.0002858729	-0.06312262	-0.024375567	0.009712757	-0.1190256	0.17774618	0.29329044	0.03699733	0.021648169	-0.0070679444	0.002945074	-0.018202905	0.00433792	0.014944933	0.012703166	0.033093378	0.8069645333453082	0
13	33	train	0.09113363	-0.0222499	0.17811932	0.06153673	-0.062133595	0.019873535	0.120800436	0.028896866	-0.0029852795	0.011042687	-0.010720574	0.0019730201	-0.0016064332	-0.00095475005	-0.017422881	-0.0070709176	-0.0027438325	-0.036381982	-0.04380486	0.00818944	-0.06482818	0.06290854	0.3364833	0.075332604	0.01866161	-0.002176964	0.0016565544	-0.0050192317	0.004049766	0.11800532	-0.020410426	0.026411409	0.8645649551763199	0
21	31	train	0.1190669	0.020653652	0.19907652	0.11129653	0.013403776	0.0449853	0.08583325	0.052564017	0.0031825122	-0.0028598644	0.009549762	0.018317202	-0.0020122442	0.020842625	0.055986855	0.15379967	0.0055475635	0.023926754	-0.0026749172	0.013105449	0.05446934	0.14483471	0.24228525	0.048319984	-0.0004277159	0.0027043612	0.008060629	0.0026963272	0.0020527963	0.23606095	-0.008552312	0.0036157435	1.679711374512408	0
10	8	train	0.01454858	0.0052690846	0.19464338	0.025196448	0.018830799	-0.0005690996	0.14946067	0.0070391153	0.0019431247	0.00021186039	0.0024308977	0.047348004	-0.0011939919	0.0011215714	-0.00049629825	-0.013198998	0.023418562	-0.0026287707	-0.010919816	0.014435046	-0.0047626025	0.038750444	0.573335	0.18527845	0.07329561	-0.0032062586	0.049019948	0.0043301363	0.014334618	0.1330192	0.008283848	0.023299854	1.571868397280923	0
2	27	train	0.06089408	-0.04749393	0.18118297	0.022204546	-0.00032123257	0.02782906	0.2033979	0.0137041705	-0.028556103	0.009432355	-0.010683575	0.00077643886	0.0051322044	-0.0039772494	0.019869218	-0.010707095	0.0028646248	-0.0054727187	-0.06975736	0.0117567675	-0.03403066	0.1148799	0.30347008	0.0824877	-0.022305518	-0.0016123066	0.054942533	-0.0095227575	-0.012405259	0.12588695	-0.045186754	-0.0519932	0.8866857700340915	0
2	30	train	0.048830483	-0.057592776	0.23816055	0.022997003	0.0023406157	0.040305737	0.197287	0.026386082	-0.020465424	0.011210425	-0.014359551	0.0026470532	-0.0014487506	-0.0042475993	0.024195682	-0.00858593	0.02173781	-0.0047109164	-0.057608597	0.012667525	-0.060283173	0.10160964	0.30600443	0.08009914	-0.034585763	0.00017181059	0.06383135	-0.01005567	-0.05838665	0.13600926	-0.050308995	-0.08700356	0.8668482488428708	0
1	28	train	-0.0137690455	0.0020848531	0.20668674	-0.0008963125	-0.039433412	0.076187946	0.08062262	0.00222994	0.03906119	0.0051528704	-0.015018528	0.036119882	0.0043423246	0.020416325	0.024334103	0.00078051473	0.025459478	0.001021839	-0.015661687	0.00022396738	-0.06333946	0.060062826	0.38833502	0.03420019	0.02311803	0.010653104	0.13082883	0.023776622	-0.09107139	0.090283744	0.021373885	-0.042378116	1.0257888885826105	0
26	7	train	-0.028207751	0.02014577	0.17178558	-0.013444367	-0.09767153	0.16382223	0.0027389238	0.016447885	-0.0069222418	0.10285852	0.01398641	-0.001185735	0.0058673453	0.20208369	0.039231043	0.0020311726	0.009117431	0.0065141455	-0.0004553221	-0.08298937	-0.10408974	0.00492865	0.5046816	-0.020155966	0.042703588	0.17684156	0.22224994	0.008154567	-0.28332585	0.06897366	0.121541254	-0.1448943	1.1233627785695717	0
28	7	train	-0.025115969	0.00977135	0.1271945	-0.014787051	-0.04436301	0.124899134	0.012852506	0.0068171993	0.08069859	0.021459276	0.0067103906	-0.00064376724	0.0013557109	0.038448602	0.025766404	0.0010339472	0.005703826	-0.009708932	-0.042431656	0.00031088892	-0.064395204	0.024512587	0.41399276	0.014900381	0.028107448	0.06615669	0.19484812	0.037434414	-0.16333896	0.07502328	0.0919655	-0.10976782	0.9354111300781369	0
16	31	train	0.07817948	0.004959221	0.24961346	0.069686726	0.0045669447	0.022277268	0.09700524	0.029579131	-0.00085934467	-0.00047370238	0.0049648928	0.009193806	-0.00020718621	0.012171315	0.03567372	0.15697938	0.00033028368	0.020751065	-0.0016042229	0.012493366	0.028159892	0.12691009	0.2538824	0.0659397	-2.7826848e-06	0.008065683	0.007311604	-0.0025900453	0.008035591	0.21169454	0.0002617173	0.009331367	1.5222806117578784	0
15	32	train	0.0410397	0.020391958	0.26988345	0.106775686	0.013450486	0.031615976	0.013466111	0.05098277	0.008845543	0.0047706985	0.009289523	0.032561712	0.0021074826	0.027926428	0.04589856	0.108802475	-0.029718824	-0.009118722	-0.00880448	-0.0014273861	0.1263958	0.0016513058	0.36097795	0.0141711775	-0.01042715	-0.025948554	0.014730718	-0.0003536564	-0.0038162805	0.23579721	0.008725087	-0.004356461	1.456286305183312	0
24	32	train	0.009707676	0.008292172	0.2880358	0.033793036	0.014218017	0.05028219	0.020034838	-0.00401907	-0.052921787	0.002059402	0.021658082	0.030615307	0.023316076	0.0069341715	0.040348012	0.036988012	0.076906174	-0.012590084	-0.018497622	0.0010578654	0.046877336	0.0023017365	0.31048223	0.006599205	-0.023612617	0.083076194	0.100635536	-0.0015406072	0.04144889	0.27327266	0.018237928	0.027950086	1.4619468671735376	0
3	32	train	0.014689478	-0.018817045	0.22779417	0.020818865	-0.006351122	0.01105466	0.016655227	0.030599693	0.006999794	0.04973827	-0.0005936876	0.061656404	0.022544226	-0.0013157784	0.0027908073	0.016553361	0.096654415	0.0037263653	0.009360276	-0.0032535102	-0.08614264	0.00017030106	0.5781105	0.07256435	0.05465248	0.07313503	0.051833827	-0.0017836088	-0.010872309	0.11944354	-0.0109782815	-0.00869781	1.392740270413924	0
20	29	train	0.011371042	0.0046276334	0.23912266	0.010436851	0.002275148	0.0037733945	0.038716495	0.036087506	-0.023609888	-0.0026965532	-0.00019924385	0.021124423	0.0029671097	0.023416039	0.013871038	-0.0030467699	0.020230219	0.00016238938	0.008363506	-0.02347342	-0.0029998838	-0.017739253	0.45318776	0.12484907	0.041531738	0.00031876977	0.07087247	0.024254918	-0.036424123	0.101174444	0.0020057156	-0.0026443265	1.1419068838004023	0
12	33	train	0.006902907	-0.0025462226	-0.00080178806	-0.0061297338	-0.006026699	-0.0012060122	-0.0034098118	0.00075410685	0.0032489141	-0.0022016838	0.0041462216	-0.00048517407	0.00052272115	0.0011720821	0.006146683	0.00050131546	-5.967235e-05	-0.00049507193	0.004048872	0.00053986115	-0.0086983815	-0.011942611	-0.004187381	0.00069301674	-0.001365562	-0.00011855607	0.00010903002	0.0001234241	-0.00033335458	-0.002204055	-0.0011766286	-9.403884e-06	-0.024488648279657355	0
19	28	train	-0.026780521	0.0027701014	0.3766113	0.04304285	0.015696729	0.03848115	0.09348092	0.010071493	0.0018622454	0.005008126	0.026495246	0.008686058	-0.0012908039	0.008371831	0.029114122	0.010852363	-0.025897633	0.013169219	0.015563967	0.0001268461	0.08940959	0.11099656	0.27020788	0.0106008705	-0.0010322403	-0.03309504	0.044928014	0.0003787736	-0.022919208	0.27750838	0.01945844	-0.047083125	1.3647944957774598	0
15	4	train	0.083290294	-0.024360007	0.1439829	0.013570024	-0.026518296	0.018414725	0.1109963	0.016347164	-1.6664546e-05	0.00092238706	-0.013882771	0.01875185	0.0034060325	0.010696745	0.0173003	0.06806826	-0.033377603	-0.0058478834	-0.021493912	0.011583359	-0.1262898	0.09265053	0.3871464	0.04926541	-0.01655531	-0.008294407	0.018709237	0.0021025946	0.009843451	0.1443499	-0.01447914	0.014004111	0.944286199652197	0
17	29	train	0.009523961	-0.022989636	0.17907727	-0.037624225	-0.008554871	0.008554241	-0.0021278511	0.025266806	-0.16050443	0.020113725	-8.4142164e-05	-0.07554138	-0.0044083833	0.07146236	0.010456432	-0.0022872612	0.015613875	0.0054962873	0.01994906	-0.057013236	-0.010443551	0.005568465	0.6998733	0.07501109	0.120916806	0.083225094	0.11892487	0.05052047	-0.10213011	0.048194926	-0.010042869	-0.008143716	1.065853409738338	0
15	24	train	0.025144892	0.026335672	0.25970507	0.073184416	0.019077549	0.056089357	0.12851016	-0.0035446745	-0.012833394	0.00026957053	0.056717064	0.0097783385	0.0047654994	0.0049025514	0.07139907	0.11000428	-0.044016168	0.06816478	0.039858736	-0.0031238182	0.06717176	0.30182558	0.21698795	0.00424514	0.005982709	-0.033944968	0.035739873	0.0011006952	-0.011156222	0.3469197	0.036739815	-0.034134597	1.8278663802484516	0
18	23	train	0.122692645	-0.03382531	0.1823633	0.01728782	0.003370697	0.033810895	0.09882207	0.06102579	0.004866469	0.00015875595	-0.010250337	0.016602647	-0.00019286627	0.03400246	0.035337504	-0.014547807	-0.027539106	-0.027651185	-0.041160785	0.015787786	-0.090813875	0.07170204	0.3400952	0.10167469	-0.009672535	-0.0155475605	-0.0036097707	-0.007294532	-0.0014889784	0.12344315	-0.0049372236	0.023381172	0.9978932146477746	0
31	6	train	0.09676623	0.018572805	0.09692216	-0.059870705	-0.019758636	0.11885752	0.02704915	0.021063032	-0.02642164	-0.02117233	0.0032597424	-0.009325777	-0.002167818	0.07939819	0.01671944	0.016928472	-0.004165836	-0.010343339	0.010017918	0.027705265	-0.038634267	-0.026849406	0.3631989	0.07072802	0.0051595224	-0.025661398	0.038232293	0.057384886	0.058372855	0.09350869	-0.021197027	0.025151098	0.9794280198402703	0
6	8	train	0.056240935	-0.039548036	0.083308816	-0.029115794	0.03018393	0.056448072	0.032623056	0.01247436	-0.034897864	0.006355379	-0.005633461	-0.012938009	-0.0019176911	-0.009897679	-0.00031526413	-0.0028045916	0.019486591	0.011165411	0.04532111	0.062536545	0.054783303	-0.012357483	0.58665	0.10689468	0.15379624	0.021779358	0.110749595	0.07634493	0.13481747	0.06711575	-0.067576386	0.051964667	1.5640379477699753	0
20	28	train	-0.027551139	-0.0011976106	0.2512177	0.005931478	0.004270637	0.06629172	0.107913785	0.01484248	0.013074055	-0.003380021	0.004005883	0.009261504	0.0009007678	0.014098756	0.019998109	0.0028396754	0.021124966	-9.965125e-05	-0.020973261	0.00013773415	-0.01605906	0.081291586	0.286313	0.039692566	0.010113861	0.00022952593	0.10336462	0.016906137	-0.074025296	0.18406045	-0.020024668	-0.04788102	1.0466892625991022	0
16	23	train	0.08362518	0.015098917	0.30524105	0.14851993	0.006834683	0.015727295	0.08310246	0.03578742	-0.002278149	-1.5341615e-05	0.015124491	0.009665379	3.499331e-05	0.01220614	0.05597576	0.27966458	0.0011297154	0.037321463	0.008861494	0.01008829	0.10415936	0.16636965	0.2714949	0.02926026	8.2180995e-06	0.01330663	-0.0011118944	0.00056534214	-0.00038471562	0.27661324	-8.257945e-05	0.009376522	1.9912906704303168	0
18	22	train	0.005582511	-0.0007989792	0.0076527325	0.00036025007	0.000536221	0.0024648195	0.0023618718	0.001510881	-0.0010126812	0.00092891674	0.001739406	0.0026379963	0.00029058097	0.00246086	-0.0012741231	0.00070558634	0.0019652129	-0.0036332845	0.001636106	0.005206182	-0.0033795408	-0.004250122	-0.0069108168	-0.012386384	0.004752521	0.0031662143	-0.0058479793	0.0076283575	-0.01029792	-0.0029774152	-0.0036276355	0.0028707352	6.108090747147799e-05	0
28	31	train	-0.03395018	0.0020508617	0.27370432	0.032050777	0.021522826	0.049586426	0.1167826	0.01498594	-0.008976356	-0.0051478404	0.00941988	0.029526824	0.0013412702	0.010060304	0.030522177	0.0063736723	-0.015340947	0.010097677	-0.0034441936	0.00011425975	0.035627954	0.09691038	0.27919078	0.039793666	0.00095018535	-0.016720554	0.033348225	0.0069712233	-0.028161516	0.236977	-0.016947698	-0.03180174	1.177418195962673	0
16	3	train	0.026079785	-0.015526978	0.24088444	0.02485297	-0.0024851435	0.007057507	0.09814003	0.016877824	-0.00058747886	0.0016372168	-0.0009456588	0.012846399	-0.0010753709	-0.00053919293	0.0031397573	0.042235695	-0.0030613735	-0.0152877215	-0.009646415	0.015996933	-0.063060686	0.016552025	0.42673886	0.08539954	-6.2130595e-05	-0.02890812	0.021181315	-0.0018866678	0.007914255	0.13764335	0.0006439	0.015274442	1.058023305988172	0
22	29	train	0.00068195886	-0.00056990917	0.013369224	0.0025046302	0.0027298138	0.00014526343	0.0008578637	0.0010914308	-0.008942464	-0.000778264	0.00024219534	0.011249688	0.0011242738	0.0012127217	-0.0011977403	0.0005908921	0.0035859016	-0.0038886622	0.00030156435	-0.0051851845	0.00091611093	0.0016432661	-0.009602762	-0.006766328	0.005661905	0.0078019113	-0.0056332042	0.0022829797	0.0045882603	-0.0041053696	-0.00039354563	-0.00021668358	0.015301737643312663	0
12	31	train	0.0072149723	-0.0010173467	-0.00063974137	-0.002955603	-0.0025072177	-0.0025081648	-0.0043791654	0.00053802645	0.0015318431	0.001826742	0.0010404434	-0.0020156614	0.00031873345	0.0008600697	0.0039200843	0.00030338226	-0.00022385907	-0.00022041677	-0.0004766098	0.002684894	-0.0026679023	-0.00832423	-0.0041233506	0.0017876783	-0.00028791366	-0.00017668276	0.0014622516	-0.00043868614	-0.002133737	-0.0026115368	0.0006935321	-6.433012e-06	-0.01353160535245479	0
1	19	train	0.039152477	0.007724518	0.19342116	-0.002595733	-0.018158086	0.0512248	0.07133986	0.00497529	0.0025946903	0.005533549	-0.012282076	0.006872884	-0.005700525	0.03771726	0.029479736	0.021574171	-0.0058669136	0.0020047633	-0.012186038	0.029065585	-0.074842565	0.09611083	0.30830693	0.032626167	-0.0038480419	-0.008268312	0.040794246	0.0022445468	0.022619998	0.081059046	0.006656693	0.01561574	0.9649666491895914	0
19	3	train	0.03220392	-0.023790622	0.24718027	0.033103	-0.005393003	0.010562003	0.10454528	0.019078327	-0.00040762892	0.01910646	-0.0014672846	0.007850467	-0.009139159	-0.0008233421	0.0032544043	0.047400158	-0.032767367	-0.014595012	-0.016114349	0.018986497	-0.094274215	0.020225154	0.37256956	0.04916545	-0.0035313342	-0.046512537	0.03012371	0.00047937522	0.0068890424	0.13833871	-0.012985891	0.019181913	0.9184419633820653	0
2	24	train	0.016912818	-0.029175617	0.25955912	0.010090608	0.0025289245	0.047474712	0.17128739	-0.0032615783	-0.030701434	-0.0013168887	-0.014249322	0.005472902	0.013793815	0.004809249	0.027990956	-0.0049998215	0.082776956	-0.004667594	-0.054856293	-0.0039947806	-0.019869175	0.10416998	0.31912097	0.030612102	-0.035093304	0.010247963	0.10074743	0.015128341	-0.10253967	0.11755096	-0.072158985	-0.12656994	0.8368207942694426	0
2	23	train	0.082061626	-0.06438164	0.26011574	0.03714956	0.0031068067	0.023259278	0.12057514	0.05265422	0.015747052	0.00029803242	-0.0062471014	0.008292677	-0.00043400127	0.02065854	0.034516707	-0.014816224	-0.0383904	-0.0033726073	-0.025500003	0.007748106	-0.06030797	0.07746888	0.37803236	0.115331374	-0.010743749	-0.0041527385	-0.002723996	-0.0052482546	-0.0013074665	0.10325482	-0.0055706105	0.024178749	1.121252903540153	0
29	6	train	0.01107914	-0.026162798	0.13564815	-0.048852056	-0.016671633	0.007808916	0.008778946	0.015426092	-0.14901848	0.015302201	-0.0005576326	-0.03288529	-0.005234739	0.05940049	0.009131069	-0.001118846	0.029224996	0.011204528	0.023201102	-0.04039118	-0.015327659	0.004193697	0.70081264	0.06212376	0.13827896	0.09088606	0.113262214	0.047385465	-0.0941137	0.06704097	-0.007827106	-0.0055808728	1.1064473956939764	0
28	33	train	-0.032481752	0.0051329113	0.3430337	0.066471286	0.051735274	0.023842864	0.09093209	0.021004545	-0.019038118	0.0062044435	0.037538715	0.0071071708	0.0021996757	0.013709938	0.0478587	0.010531996	-0.0040893154	0.022680108	0.029258942	2.2974611e-05	0.11616076	0.13903545	0.28352627	0.015426533	0.0045066876	-0.011219676	0.0024865472	-0.0019613497	-0.0043996843	0.20000117	0.028753024	-0.046488315	1.4494835627738212	0
18	7	train	0.0848559	-0.052933138	0.06930254	-0.003742386	-0.0046424665	0.12063162	0.012695358	0.022945127	-0.016503083	-0.020434052	-0.0023970092	-0.0003443229	0.001154205	0.12958027	0.01901177	-0.001324681	0.0029935192	0.0147824185	0.09180025	0.053197976	0.044375934	0.013834785	0.47158837	0.08579561	0.09688265	0.03728709	0.13869226	0.17945497	0.18038489	0.029908424	-0.08490974	0.08031449	1.7942395478894468	0
26	33	train	-0.036480263	0.010582617	0.46329245	0.060435604	0.113902636	0.031273168	0.019378018	0.05067775	0.0016330704	0.029739115	0.078241624	0.013090477	0.009519918	0.07205867	0.07286801	0.020689934	-0.006536674	-0.015217073	0.00031396942	-0.0061328933	0.18776464	0.027955312	0.34563524	-0.0208677	0.0068470016	-0.02999099	0.0028362346	-0.0004272528	-0.0076316413	0.18387374	0.037999887	-0.061364904	1.6559596999140922	0
15	19	train	0.08997183	0.025781803	0.2928515	0.1697785	0.011421369	0.030206991	0.08452712	0.03178679	-0.00051511504	0.0018326163	0.022958832	0.0041459547	-0.0008543482	0.01747483	0.05352303	0.3115533	0.010075149	0.035715193	0.015157508	0.008329791	0.13832715	0.19611102	0.23263611	0.009601579	0.00067374355	0.016502805	0.008560894	9.505117e-05	0.0024181174	0.27309874	0.010320652	0.00960762	2.1136761313318857	0
9	31	test	0.07854707	0.005428908	0.16171953	0.03287009	-0.01350777	0.042717557	0.10074319	0.03498741	-0.0072226874	-0.006872993	0.002226339	0.0033746073	-0.00016338489	0.020463716	0.020223182	0.08351151	-0.0016967063	0.0051457235	-0.00018551086	0.026619066	0.0028628872	0.11705344	0.24392468	0.082893506	0.0019689298	0.002093986	0.0224765	0.022590222	0.022164732	0.15756083	-0.0022716743	0.015117891	1.2773647669673664	1
26	32	test	-0.013719402	0.0045172134	0.46874923	0.024612147	0.040698268	0.052827567	0.0031736663	0.038973972	0.002743077	0.062490057	0.022344468	0.1256505	0.013780467	0.07031914	0.038013518	0.0074452483	0.12210867	0.002255937	-9.701188e-05	0.0058023203	0.13205768	0.00018792036	0.511124	-0.021164648	0.024271399	0.13910054	0.08817947	-0.00030699663	0.062742084	0.22028367	0.021740494	0.028181205	2.2990858716584626	1
24	34	test	0.016661542	0.010520635	0.21311913	0.06977261	0.019904962	0.06132246	0.16898446	-0.0048991023	0.02997572	0.0011847671	0.06694938	0.00021639155	-0.005043036	-0.0004900169	0.05643617	0.05897623	-0.021336054	0.050317544	0.06190952	-0.0008494639	0.038018487	0.27739903	0.23617736	0.0078997975	-0.019952523	-0.020736156	0.047019824	0.011077494	-0.026165484	0.2127849	0.0471421	-0.07758286	1.5867158235923853	1
2	22	test	0.0037338012	-0.0015207424	0.010915552	0.00077413634	0.0004942405	0.0016956051	0.0028817756	0.001303617	-0.0032768613	0.0017438547	0.0010600867	0.0013176244	0.00065388577	0.0014951205	-0.0012445286	0.0007186049	0.0027395703	-0.00044315067	0.0010136034	0.0025550164	-0.0022442963	-0.00459195	-0.0076817092	-0.014050092	0.0052788532	0.00084569276	-0.0044129873	0.005488435	-0.009042565	-0.0024904783	-0.004093018	0.0029686615	-0.005414641200331971	1
1	22	test	0.0024156703	0.00041128046	0.0072135045	-8.584125e-05	-0.0059275734	0.0033971574	0.0018247712	0.00022175345	0.006899573	-0.0010778687	0.002257267	0.0039025946	0.0015073215	0.0032896388	-0.0017484877	-0.0010948308	0.00084828824	0.0003632691	0.00059210655	0.006971584	-0.0041051432	-0.006520501	-0.006922202	-0.006620662	0.0051399446	0.0014034909	-0.0074598743	0.009429649	-0.009203056	-0.0021815607	0.001344131	0.0013012826	0.007786677670083009	1
19	33	test	0.09236232	0.019017775	0.32101712	0.19250174	0.023822783	0.016030699	0.080462314	0.046863906	-0.0012646317	0.0066628093	0.03069897	0.0013523509	-0.0028876942	0.025327833	0.057978794	0.2911144	0.00094234693	0.044496488	0.022765784	0.0029815529	0.13725677	0.22248057	0.22509715	0.014716543	-0.00075014716	0.0087080505	0.00077533995	-0.0001851542	0.0010927784	0.17956613	0.008954856	0.01713029	2.087090817920398	1
9	33	test	0.075149715	0.013587509	0.20268312	0.068170495	-0.03246917	0.020540075	0.0784431	0.049038935	-0.01531873	0.008283687	0.008872078	0.0008122753	-0.00026795032	0.027887456	0.031709902	0.13799624	-0.00045227763	0.011557665	0.0015759426	0.0053523895	0.009334107	0.1679343	0.24771252	0.032134745	0.0093385475	0.0014050875	0.0016759175	-0.006355746	0.0034628045	0.1329764	0.0038540638	0.022099584	1.3187247943715192	1
3	33	test	0.03905972	-0.04408328	0.22514239	0.051121127	-0.017774947	0.0065442016	0.10169477	0.039788697	0.0041672746	0.02367052	-0.0020788626	0.006423467	0.015574159	-0.0013483275	0.0053496915	0.04600088	-0.0051740673	-0.025135618	-0.030293616	0.0034388711	-0.12248088	0.025334239	0.39093325	0.07154624	0.015417554	-0.015768394	0.0016672009	-0.0024822808	0.0013224547	0.09970114	-0.019188775	0.018939584	0.9070283834589645	1
24	33	test	0.025812976	0.01942633	0.28468275	0.082979456	0.0397921	0.029766342	0.12233026	-0.005225986	-0.03150659	0.0009800727	0.07583816	0.0031895537	0.016107373	0.0071057063	0.077343	0.10278765	-0.004116912	0.08492446	0.05986574	-0.0011181347	0.066651985	0.34240973	0.2099561	0.006506616	-0.006661158	-0.017911775	0.003236876	-0.002144091	-0.0050416407	0.22810438	0.031877805	-0.06086164	1.7870875021908432	1
3	9	test	0.026202409	-0.016997535	0.15606417	0.011722741	0.0073503726	0.013533054	0.1019217	0.019963782	-0.0049376884	0.023754535	-0.00042404883	0.0047152997	-0.00084802625	-0.0009065488	0.0017799066	0.02246898	0.015726635	-0.0037909567	-0.0011155024	0.03408396	-0.006411091	0.015266489	0.4100014	0.10735668	0.04396142	-0.007505031	0.06511319	0.016455404	0.021830048	0.10244573	-0.0055889734	0.02474636	1.1979388586769346	1
2	14	test	0.026214272	0.014357699	0.19242465	0.0030584151	-0.0027132228	0.026843984	0.1419302	0.010994044	-0.009828216	-0.0044952594	-0.0012112499	0.007724989	-0.0036558248	-0.0017058958	0.0028969995	-0.003010772	0.04439835	0.0003798811	0.01619062	0.015683027	0.0059385044	0.016801247	0.5199642	0.23170002	0.06835251	0.0013807709	0.051432367	0.01579796	0.05798293	0.086342625	0.0013729993	0.023214668	1.556757506885333	1
6	11	test	0.061360497	0.037303064	0.045298338	-0.01937852	0.059084233	0.21013437	0.017522154	0.016846668	0.061275348	0.06428984	-0.007174044	-0.015709307	-0.010617717	0.16654596	0.019072691	-0.0024650379	-0.0021334	0.01913633	0.04847104	0.10019503	0.084076084	-0.024568694	0.45800412	0.047367845	0.16175461	0.041225385	0.19564956	0.30653167	0.1885836	0.009113631	0.034524363	0.071936235	2.4432559367269278	1
1	12	test	0.002926149	-0.0010342085	-0.00048309812	8.2654595e-05	0.0045936415	-0.0038537143	-0.0030232226	8.0059486e-05	-0.0066659134	-0.0018285268	-0.0016588246	-0.0024657394	0.0010318907	0.0017454207	0.0031253253	3.715194e-05	0.0003715113	-2.2305176e-05	-0.0021672747	0.0052628214	0.0047430024	-0.005159166	-0.005735295	0.0015363988	-0.0070049455	0.00011256922	0.005736577	-0.0014962187	-0.0069002826	-0.000994946	-0.0008746602	-8.572453e-06	-0.01999174093361944	1
16	33	test	0.074798025	0.012411974	0.3128406	0.14452587	0.010977748	0.010711679	0.07553257	0.041458603	-0.0018225999	0.0005709306	0.019785358	0.0022129691	-0.00033978425	0.016586773	0.055936307	0.25939617	8.8041124e-05	0.046608385	0.013628115	0.0025120853	0.091812015	0.18207544	0.2578249	0.025562383	-1.3198152e-05	0.005412162	0.00054517586	0.0007287078	0.0012554035	0.17866355	-0.0004440228	0.013640747	1.8554830899211083	1
29	34	test	0.0086532105	-0.010741334	0.24443795	0.09834563	0.013786951	0.0027959247	0.045066018	0.04787535	-0.032709647	0.0059836633	-0.0016482568	0.0010997917	-0.0022685414	-0.0015702612	0.024222413	-0.0064836224	-0.020295402	-0.02189811	-0.012065911	-0.0029746352	0.012377289	-0.02457956	0.5048242	0.05891221	0.055433035	-0.018039118	0.024766082	0.014538139	-0.011235368	0.10255339	-0.0042590043	-0.003272786	1.0916297063231468	1
24	26	test	-0.0084058335	0.005833861	0.4510708	0.016869249	0.05772455	0.093720466	0.03028702	-0.00270974	-0.0039797435	0.0035310294	0.13642389	0.037733056	0.031160783	0.012344695	0.059133224	0.007527487	0.18085356	-0.016863707	0.00043918221	0.012698311	0.07018071	0.03434807	0.30724245	-0.0063401144	-0.013926021	0.18196633	0.21394226	0.00095547474	0.1834154	0.32409516	0.091545425	0.22081089	2.71362815820612	1
19	26	test	-0.03007721	0.0057111685	0.5086415	0.039134502	0.0345586	0.05047327	0.019921184	0.024299532	-0.0001597415	0.024004932	0.05522382	0.015998581	-0.005586436	0.044001874	0.04432816	0.021319292	-0.041396756	-0.008835803	0.00016701252	-0.033860575	0.1445235	0.022317642	0.32939935	-0.014339955	-0.0015682806	-0.088465385	0.05124632	8.251057e-05	-0.03975539	0.25513107	0.0257162	-0.06215006	1.390004405984655	0
20	21	test	0.09662478	-0.0120608	0.18272105	0.020597095	0.0026596256	0.060140517	0.07931482	0.05206082	-0.0046353266	-0.0018777587	0.0040611164	0.005745448	-0.0013513793	0.029209364	0.03668255	0.06852268	-0.0076391697	-0.0002361267	-0.016288787	0.015797934	-0.024551686	0.121492065	0.248466	0.048197217	-0.004552648	-3.712323e-05	0.02498435	0.0065389494	0.0053959754	0.18334895	-0.010105043	0.0054439	1.2146693560061976	0
21	29	test	0.013632431	-0.029094005	0.27861908	0.090813436	0.011309628	0.0029555256	0.027857637	0.038496703	0.017949423	0.0020669533	-0.001633644	0.064591564	-0.004859067	0.015593077	0.030576374	-0.010165012	-0.03891836	-0.025918901	-0.0061950022	-0.01910628	0.021610025	-0.02262221	0.46750298	0.042441726	-0.011463097	-0.00957815	0.02387941	0.0022264873	-0.0033096934	0.1692437	-0.0031579833	-0.00080231106	1.1345424381433986	0
13	30	test	0.06062846	-0.024212465	0.15912339	0.039146338	-0.029143889	0.050564095	0.2174647	0.012499946	0.0048495033	-0.011161462	-0.018837238	0.0027506985	0.00055226445	0.00014446082	-0.012221788	-0.0044177333	0.019935822	-0.040693082	-0.06434881	0.053769205	-0.07351636	0.07539454	0.28681317	0.059888057	-0.037406653	0.000221444	0.07916992	-0.0074609006	-0.05542037	0.24065602	-0.03428164	-0.06532786	0.8851217834744602	0
31	4	test	0.08936868	-0.0071795364	0.12593211	0.0074188574	-0.023010837	0.020324253	0.13569564	0.017195113	-1.9289873e-05	-0.002782411	-0.004658179	0.025411423	0.007019767	0.011376595	0.0119518945	0.03849063	-0.011711596	-0.0032437528	0.0038001365	0.020619968	-0.03843493	0.07326268	0.36887217	0.19478293	0.0038863332	-0.0065225726	0.022725068	0.014557459	0.028473223	0.11245918	0.007404937	0.017080931	1.2605468650872353	0
22	8	test	0.0034618212	-0.00086148235	0.008210759	0.001492758	-0.0049423175	0.0010500614	0.0031878701	0.00088258914	-0.0020941892	-0.00032323212	0.0024467686	0.0044259476	0.00041186574	-0.00020207123	4.135382e-05	0.0014811789	0.0023910012	-0.0038750863	0.00058907684	0.008028077	-0.0032743148	-0.004842179	-0.00803847	-0.011642638	0.0062972684	0.0018696007	-0.0055082366	0.0036782147	-0.006572663	-0.0041099484	-0.0033977297	0.0020175858	-0.007720759200310567	0
28	6	test	-0.026843885	0.006770814	0.14250936	-0.027763633	-0.031294003	0.13718854	0.024469394	0.0063446183	0.08251949	0.019180693	0.011211442	-0.014417778	-0.0015891843	0.035764933	0.013164417	0.001042796	0.030517567	-0.0068757283	-0.058181673	0.00023700192	-0.08205244	-0.019217962	0.44275633	0.019750658	0.033673868	0.065441296	0.16518833	0.033028565	-0.1912687	0.12196352	0.07814428	-0.10105328	0.9103096349863335	0
17	27	test	0.06602594	0.036655057	0.10898715	-0.05873839	0.001568882	0.10997951	-0.009474578	0.010863752	0.136811	-0.028525246	0.002562464	-0.0021086491	-0.0036462317	-0.018442595	0.017293649	0.04455457	0.0005680485	-0.014807858	-0.13016173	0.04791615	-0.05494245	-0.06930552	0.3113709	0.027103925	-0.027663294	-0.015051415	0.12313204	-0.024231011	-0.028774591	0.107089445	0.069611244	-0.07930246	0.6569177249330096	0
16	27	test	0.06205432	0.011138377	0.21261486	0.08877139	-0.0007066815	0.018817257	0.14018533	0.009314294	0.004131253	-0.00048554302	0.025865378	0.0009049642	-0.00041380714	-0.0023499657	0.03222192	0.20210247	-8.429739e-05	0.06056141	0.024241347	0.0153077	0.058775187	0.24671233	0.21794584	0.020927625	1.7061917e-05	0.005166318	0.022426719	0.0010257917	-0.0036501868	0.3372433	-0.0006698542	-0.02016297	1.7899491244679666	0
11	23	test	0.083009906	0.0344011	0.106388696	0.04767795	-0.060813833	0.053620912	0.07164091	0.048143476	-0.017670305	-0.0005588157	-0.018361952	0.033821978	-0.0015135518	0.04698169	0.0693869	-0.026841627	0.003668229	-0.05054517	-0.015849877	0.03900549	-0.13503277	0.16241382	0.30884084	0.042349394	-0.013479674	-0.017377626	-0.0060065226	-0.014122078	-0.001329346	0.023138274	0.0023625372	0.02274808	0.8200970230973326	0
14	5	test	0.020650612	-0.013695194	0.11297424	0.0031956432	0.052546237	0.08009009	0.045398723	0.005692345	0.030216217	0.012358855	-0.0013426293	0.019213809	-0.0059498157	-0.005735053	0.0028320898	0.00010923705	0.0019744146	0.0040460387	0.027026448	0.084061064	0.010826035	0.025488028	0.4455149	0.049460035	0.0827862	0.009038802	0.10023573	0.0446987	0.08442874	0.019879213	-0.0006617155	0.017648442	1.365006476189592	0
15	7	test	0.0843796	0.090943605	0.09890594	-0.05832614	-0.03227974	0.09804352	0.011621465	0.021515863	-0.022322008	0.007852562	0.0058147307	-0.00030727746	0.00089730835	0.08025518	0.047368634	0.029682906	-0.0022190018	-0.026330825	-0.04132354	0.020415606	-0.099626966	0.04330935	0.35642803	0.013495796	-0.018345738	-0.032988966	0.037127703	0.009393962	0.017233264	0.07383115	0.048778005	0.022398842	0.8856228155491408	0
15	23	test	0.122003965	0.058114745	0.26026198	0.26943555	0.023436941	0.02747985	0.09046277	0.057224467	0.0065823677	-6.1008013e-05	0.02486555	0.01481638	-0.00014993915	0.021059329	0.08804489	0.32598126	0.020413876	0.049253006	0.018528374	0.0060588247	0.20388326	0.22446091	0.25704503	0.015993603	0.0018315952	0.013755376	-0.0009663301	-0.0003818482	-0.00014225116	0.3047285	0.0028362817	0.0065207565	2.513378077539528	0
11	29	test	0.008885212	-0.015916467	0.12176188	0.018253718	-0.034287114	0.0049900645	0.02714133	0.029142547	-0.037593238	0.012470627	0.0010311286	0.11344676	0.021639407	0.035048317	0.024150481	0.0009957871	-0.007523619	0.030443473	0.006645303	-0.07042257	-0.01448355	-0.019351179	0.55726665	0.08382668	0.12232596	0.037306152	0.11701107	0.05342472	-0.044766992	0.012695681	-0.0027648108	-0.005023349	1.1877700655022636	0
31	5	test	0.060435336	0.020170333	0.124885045	0.018212972	-0.040204786	0.098296024	0.045020256	0.022533152	-0.018262068	-0.025300058	-0.0022731603	0.019619448	0.004182009	0.06925382	0.021504844	0.0003017413	-0.0004991284	-0.019972382	0.0077059017	0.051430695	-0.029723486	0.08964871	0.3028926	0.055481043	0.004406076	-0.016477711	0.034909338	0.06803068	0.039764795	0.018193696	-0.008508721	0.01829284	1.0339498435496353	0
14	16	test	0.026713744	-0.0033671977	0.22580679	0.012227215	-0.0059688357	0.018151175	0.09782072	0.007472306	0.0014218623	0.00023139945	0.0029324861	0.00900372	0.00029476738	-0.001007932	0.004698066	0.05683002	-0.0013065112	-0.0042037857	-0.005626395	0.020419821	-0.010256536	0.036081813	0.3734274	0.05878368	-5.2284144e-05	-0.0044244076	0.020993922	-0.0017017567	0.017061193	0.23130651	2.0353516e-05	0.009002652	1.192785961276968	0
