mS#id1	mS#id2	mD#data	C#preferential	C#jaccard	C#adamic_adar	D#louvain	D#infomap	cD#class
5	11	train	3	0.0	0	1	1	1
31	33	train	18	0.1	0.6213349345596119	1	1	1
24	28	train	10	0.16666666666666666	0.36926937306885504	1	1	1
3	4	train	32	0.2	1.4683498531780845	1	1	1
1	20	train	39	0.06666666666666667	0.5581106265512472	1	1	1
1	3	train	104	0.23529411764705882	2.9999240143645336	1	1	1
33	34	train	135	0.3333333333333333	5.40751809789288	1	1	1
23	34	train	15	0.0	0	1	1	1
1	8	train	39	0.14285714285714285	1.039008973514235	1	1	1
2	20	train	18	0.125	0.3898712452512801	1	1	1
16	34	train	30	0.0625	0.45511961331341866	1	1	1
24	26	train	15	0.0	0	0	1	1
6	7	train	12	0.4	1.8325662861402434	1	1	1
25	32	train	12	0.14285714285714285	0.9102392266268373	1	1	1
1	7	train	52	0.13333333333333333	1.8204784532536746	0	0	1
2	4	train	24	0.1111111111111111	0.48089834696298783	1	1	1
6	17	train	6	0.25	0.7213475204444817	1	1	1
21	34	train	15	0.0	0	1	1	1
16	33	train	18	0.1	0.36926937306885504	1	1	1
1	6	train	39	0.06666666666666667	0.7213475204444817	0	0	1
19	33	train	18	0.1	0.36926937306885504	1	1	1
1	2	train	78	0.26666666666666666	3.744071841105626	1	1	1
1	14	train	39	0.06666666666666667	0.48089834696298783	1	1	1
3	9	train	40	0.18181818181818182	0.8449908585646988	0	0	1
20	34	train	45	0.0	0	0	0	1
27	30	train	8	0.2	0.36926937306885504	1	1	1
9	31	train	10	0.16666666666666666	0.45511961331341866	1	1	1
3	8	train	24	0.2222222222222222	0.9479818718025272	1	1	1
28	34	train	30	0.0625	0.6213349345596119	1	1	1
26	32	train	18	0.125	1.4426950408889634	1	1	1
29	32	train	12	0.14285714285714285	0.36926937306885504	1	1	1
32	34	train	90	0.10526315789473684	1.897814654202382	0	1	1
30	34	train	60	0.1875	2.519149588761994	1	1	1
3	33	train	72	0.0625	0.6213349345596119	0	0	1
3	10	train	16	0.0	0	1	1	1
9	33	train	45	0.2727272727272727	2.2928627609208063	1	1	1
1	13	train	26	0.0	0	1	1	1
4	13	train	8	0.0	0	1	1	1
2	18	train	12	0.14285714285714285	0.3898712452512801	1	1	1
1	32	train	78	0.0	0	0	0	1
1	5	train	39	0.06666666666666667	0.7213475204444817	0	0	1
5	7	train	12	0.16666666666666666	0.3898712452512801	1	1	1
24	30	train	20	0.2857142857142857	0.8243889863822738	1	1	1
15	34	train	15	0.0	0	1	1	1
27	34	train	30	0.0625	0.7213475204444817	1	1	1
1	9	train	65	0.058823529411764705	0.48089834696298783	0	0	1
30	33	train	36	0.18181818181818182	0.990604307628467	1	1	1
2	3	train	48	0.2727272727272727	2.021457992322599	1	1	1
32	33	train	54	0.07142857142857142	0.36926937306885504	0	1	1
7	17	train	8	0.2	0.9102392266268373	1	1	1
1	22	train	13	0.0	0	1	1	1
10	34	train	30	0.0	0	0	0	1
25	26	train	6	0.25	0.5581106265512472	1	1	1
4	14	train	12	0.16666666666666666	0.48089834696298783	1	1	1
9	34	train	75	0.05263157894736842	0.45511961331341866	1	1	1
1	18	train	26	0.07142857142857142	0.5581106265512472	1	1	1
2	8	train	18	0.2857142857142857	0.870769592214268	1	1	1
29	34	train	30	0.0625	0.5581106265512472	0	1	1
24	33	train	45	0.16666666666666666	1.0906168935133367	1	1	1
24	34	train	75	0.17647058823529413	2.6191621746468634	1	1	1
3	14	train	24	0.2222222222222222	1.1112187656957617	1	1	1
19	34	train	30	0.0625	0.45511961331341866	1	1	1
13	3	train	16	0.25	1.1112187656957617	1	1	0
12	9	train	0	0.0	0	0	0	0
11	23	train	1	0.0	0	0	0	0
31	7	train	8	0.0	0	0	0	0
15	28	train	2	0.5	0.36926937306885504	1	1	0
34	7	train	60	0.0	0	0	0	0
24	7	train	20	0.0	0	0	0	0
16	17	train	4	0.0	0	0	0	0
19	28	train	4	0.3333333333333333	0.36926937306885504	1	1	0
28	29	train	4	0.3333333333333333	0.36926937306885504	0	1	0
13	20	train	6	0.25	0.3898712452512801	1	1	0
17	32	train	12	0.0	0	0	0	0
26	31	train	6	0.0	0	0	1	0
21	4	train	4	0.0	0	0	0	0
24	25	train	10	0.16666666666666666	0.9102392266268373	0	1	0
20	32	train	18	0.2857142857142857	0.7591406183201351	0	0	0
12	5	train	0	0.0	0	0	0	0
2	5	train	18	0.125	0.3898712452512801	0	0	0
17	19	train	4	0.0	0	0	0	0
19	8	train	6	0.0	0	0	0	0
17	18	train	4	0.0	0	0	0	0
10	18	train	4	0.0	0	1	1	0
11	25	train	2	0.0	0	0	0	0
1	19	train	26	0.0	0	0	0	0
15	9	train	5	0.2	0.36926937306885504	1	1	0
27	3	train	16	0.0	0	0	0	0
18	24	train	10	0.0	0	0	0	0
10	19	train	4	0.3333333333333333	0.36926937306885504	0	0	0
16	4	train	8	0.0	0	0	0	0
23	6	train	3	0.0	0	0	0	0
24	32	train	30	0.375	1.734628213009111	0	1	0
5	8	train	9	0.2	0.3898712452512801	0	0	0
19	20	train	6	0.25	0.36926937306885504	0	0	0
28	33	train	18	0.2222222222222222	0.990604307628467	1	1	0
13	17	train	4	0.0	0	0	0	0
25	7	train	8	0.0	0	0	0	0
26	5	train	9	0.0	0	0	0	0
10	23	train	2	0.5	0.36926937306885504	0	0	0
2	28	train	12	0.0	0	0	0	0
22	24	train	5	0.0	0	0	0	0
11	19	train	2	0.0	0	0	0	0
14	27	train	6	0.0	0	0	0	0
26	3	train	24	0.0	0	0	0	0
7	8	train	12	0.16666666666666666	0.3898712452512801	0	0	0
28	32	train	12	0.14285714285714285	0.36926937306885504	0	1	0
28	5	train	6	0.0	0	0	0	0
15	5	train	3	0.0	0	0	0	0
8	9	train	15	0.3333333333333333	0.870769592214268	0	0	0
2	24	train	30	0.0	0	0	0	0
12	2	train	0	0.0	0	0	0	0
2	6	train	18	0.125	0.3898712452512801	0	0	0
12	23	train	0	0.0	0	0	0	0
26	8	train	9	0.0	0	0	0	0
1	23	train	13	0.0	0	0	0	0
6	9	train	15	0.14285714285714285	0.3898712452512801	0	0	0
15	27	train	2	0.5	0.36926937306885504	1	1	0
11	4	train	4	0.0	0	0	0	0
24	3	train	40	0.08333333333333333	0.45511961331341866	0	0	0
17	26	train	6	0.0	0	0	0	0
10	26	train	6	0.0	0	0	0	0
29	6	train	6	0.0	0	0	0	0
14	18	train	6	0.25	0.3898712452512801	1	1	0
2	14	test	18	0.5	1.5921171126587497	1	1	1
6	11	test	3	0.0	0	1	1	1
2	22	test	6	0.16666666666666666	0.3898712452512801	1	1	1
31	34	test	30	0.13333333333333333	1.0764545478730305	1	1	1
3	28	test	16	0.0	0	0	0	1
23	33	test	9	0.1111111111111111	0.36926937306885504	1	1	1
14	34	test	45	0.0	0	0	0	1
15	33	test	9	0.1111111111111111	0.36926937306885504	1	1	1
2	31	test	12	0.0	0	0	0	1
1	11	test	13	0.07692307692307693	0.9102392266268373	0	0	1
1	12	test	0	0.0	0	0	0	1
3	29	test	16	0.0	0	0	0	1
1	4	test	52	0.3076923076923077	3.3919432410300354	1	1	1
21	33	test	9	0.1111111111111111	0.36926937306885504	1	1	1
25	28	test	4	0.0	0	0	1	1
4	8	test	12	0.4	1.039008973514235	1	1	1
19	5	test	6	0.0	0	0	0	0
10	31	test	4	0.0	0	0	0	0
12	31	test	0	0.0	0	0	0	0
15	30	test	4	0.25	0.36926937306885504	1	1	0
23	29	test	2	0.5	0.36926937306885504	0	1	0
20	23	test	3	0.3333333333333333	0.36926937306885504	0	0	0
13	9	test	10	0.16666666666666666	0.3898712452512801	0	0	0
27	7	test	8	0.0	0	0	0	0
21	7	test	4	0.0	0	0	0	0
13	30	test	8	0.0	0	0	0	0
18	21	test	2	0.0	0	0	0	0
14	5	test	9	0.2	0.3898712452512801	0	0	0
26	34	test	45	0.125	1.179445561110859	0	1	0
4	5	test	12	0.0	0	0	0	0
3	31	test	16	0.25	1.0764545478730305	0	0	0
12	17	test	0	0.0	0	0	0	0
