mS#id	mS#node	C#n2v-0	C#n2v-1	C#n2v-2	C#n2v-3	C#n2v-4	C#n2v-5	C#n2v-6	C#n2v-7	C#n2v-8	C#n2v-9	C#n2v-10	C#n2v-11	C#n2v-12	C#n2v-13	C#n2v-14	C#n2v-15	C#n2v-16	C#n2v-17	C#n2v-18	C#n2v-19	C#n2v-20	C#n2v-21	C#n2v-22	C#n2v-23	C#n2v-24	C#n2v-25	C#n2v-26	C#n2v-27	C#n2v-28	C#n2v-29	C#n2v-30	C#n2v-31	cD#class
1	Evelyn	-0.2233764	-0.18567415	0.23492685	0.20623405	0.07314426	0.07125245	0.45413572	-0.061179098	0.1308426	0.2687976	0.27205276	0.0017979499	0.00797514	-0.00781693	-0.13265435	-0.27411595	-0.16499479	-0.023565594	0.15834178	0.041458305	0.46158051	0.23553744	0.5593807	-0.16843729	0.06533753	-0.064787805	-0.2069552	-0.10999185	0.19078921	-0.42876455	-0.23954639	0.11544997	1
2	Laura	-0.14391212	-0.14443052	0.22183332	0.20674492	0.17923594	0.07671856	0.38260743	0.050019566	0.26070836	0.22072853	0.31143945	-0.07576332	0.014608438	0.06962473	-0.13948047	-0.29228437	-0.16206321	0.002349254	0.11252682	0.06388545	0.41719902	0.13427183	0.6679453	-0.08372767	0.1794919	-0.05748111	-0.1809351	-0.054691236	0.19844714	-0.4224392	-0.24458285	0.14914906	1
3	Theresa	-0.265732	-0.14520113	0.28294843	0.19687088	0.05164184	0.02524315	0.3492115	0.04015705	0.1679611	0.17445381	0.24221094	0.0035497437	0.002067455	-0.034251373	-0.12210388	-0.29296255	-0.20494828	0.025391525	0.1082381	0.053537324	0.38898382	0.20308165	0.5479448	-0.14352646	0.14319882	-0.04356716	-0.19522703	-0.10842706	0.1601957	-0.38451976	-0.18328743	0.10343986	1
4	Brenda	-0.23061633	-0.2056122	0.18166974	0.17401466	0.106103204	0.06765537	0.41899756	-0.00053596427	0.17187245	0.30705804	0.317213	-6.912185e-05	0.03330334	-0.013907056	-0.17197727	-0.27975976	-0.14973442	0.028005982	0.12555113	0.059613686	0.4476836	0.23624629	0.5625723	-0.17218526	0.070546106	-0.04965605	-0.23149122	-0.062169217	0.20151806	-0.39929906	-0.2039171	0.109949864	1
5	Charlotte	-0.30517188	-0.28106305	0.18150751	0.23369716	0.078543074	0.103932366	0.42558882	-0.078560874	0.23024762	0.33979893	0.32291502	0.043151967	0.14082725	-0.14338268	-0.19625188	-0.3918702	-0.057549953	0.06662152	0.15624458	-0.009024103	0.44487864	0.3314534	0.50612384	-0.09320187	-1.8273364e-05	-0.05248431	-0.19424956	-0.04896072	0.28252286	-0.33220905	-0.26182336	0.16332957	1
6	Frances	-0.22087102	-0.24873506	0.119908266	0.13068046	0.12922642	0.17676465	0.29167807	0.013040518	0.19584417	0.3386272	0.3215156	-0.0051018745	0.10249794	-0.07004339	-0.27116224	-0.41200453	-0.068957	0.066603914	-0.042340584	-0.0726796	0.42058682	0.24590354	0.61914915	-0.25607723	0.030937005	0.06188826	-0.302199	-0.023950621	0.2661514	-0.38392028	-0.28716838	0.2948313	1
7	Eleanor	-0.24422337	-0.07299427	0.29811653	0.112487085	0.0804663	0.038733188	0.20466484	0.14340317	0.25973755	0.1003567	0.20205222	-0.055948053	0.107072346	-0.054041848	-0.12238019	-0.39937308	-0.1416244	0.045680247	-0.026761275	0.0035386153	0.20874701	0.19944212	0.5708246	-0.14391047	0.17464228	0.032479476	-0.27658275	0.07551878	0.17072314	-0.38050252	-0.18707664	0.215367	1
8	Pearl	-0.22850421	0.023238497	0.40400538	0.14052413	0.044717394	-0.09819782	0.18110846	0.043556042	0.14928436	0.043216	0.089106165	-0.06008404	0.047934692	-0.04351544	-0.10532636	-0.229417	-0.19821951	-0.039939463	0.016085967	0.07782935	0.20914407	0.18084382	0.5822571	-0.16156211	0.214497	0.022695113	-0.34408125	0.030855611	0.0066894973	-0.392839	-0.11481107	0.057809565	1
9	Ruth	-0.2409685	-0.160919	0.32012305	0.16848068	0.07250493	-0.001068718	0.23916088	0.055563405	0.22840708	0.17567095	0.22378924	-0.1079347	0.120071016	-0.06838994	-0.12668611	-0.28954402	-0.11767087	0.058239307	0.048223753	0.021247176	0.23232919	0.24363144	0.56379336	-0.05351283	0.14204651	0.03459845	-0.2775874	0.06284914	0.074352324	-0.34919605	-0.20067635	0.029205486	1
10	Verne	-0.31159636	-0.1008004	0.33371586	0.17703553	0.04768946	-0.2656613	0.1658107	0.113487855	0.1883852	-0.0625024	0.10040515	-0.17835364	0.20954847	-0.11402257	-0.16789433	-0.30837718	-0.016958674	-0.06928877	-0.010933797	0.17453162	-0.036142994	0.3290634	0.4888755	-0.111751035	0.12075546	0.10243619	-0.38044602	0.2620062	0.014220018	-0.2770473	-0.21805693	0.089498885	2
11	Myrna	-0.31919822	-0.074684314	0.44906253	0.18712819	-0.16769473	-0.4820638	0.16290529	0.13303046	0.07250083	-0.1965814	0.114122756	-0.14428885	0.11619265	-0.13185638	-0.107566655	-0.36153972	-0.017652301	-0.00817048	-0.007535649	0.13528879	-0.093901545	0.35385245	0.4032091	-0.07274223	0.05435953	0.13627802	-0.42733064	0.31942806	-0.085183494	-0.3600282	-0.26695183	-0.0075450065	2
12	Katherine	-0.41079232	-0.030183937	0.40598094	0.13163985	-0.15878624	-0.5504806	0.13101308	0.2547949	0.028598065	-0.18277803	0.035991777	-0.17393507	0.097696245	-0.14554505	-0.05436121	-0.27253225	-0.05666631	-0.16752543	0.016285112	0.15809521	-0.18984723	0.39991093	0.409652	-0.3087024	0.048219234	0.18608116	-0.54706234	0.37376583	-0.066952	-0.3379431	-0.11540089	0.033911716	2
13	Sylvia	-0.37559983	-0.091411546	0.35421082	0.19894287	-0.18115415	-0.44676736	0.19488361	0.24964043	0.044767216	-0.11864328	0.08218449	-0.19861208	0.11247144	-0.13417688	-0.057324633	-0.27304012	-0.013913465	-0.11568101	-0.03326733	0.18193027	-0.1410356	0.39256945	0.42603707	-0.29299966	0.061007254	0.18146986	-0.4438508	0.32717976	-0.0528729	-0.33660755	-0.13288437	0.05292554	2
14	Nora	-0.33862665	0.013871414	0.46260148	0.07441305	0.010582781	-0.34790236	0.16288802	0.17365392	0.14430428	-0.07106355	0.021632127	-0.2844629	0.11949139	-0.03678641	-0.09280584	-0.20892379	-0.23884186	-0.13131307	0.121022664	0.14299011	-0.11649796	0.29644635	0.5108996	-0.2391809	0.1376797	0.121775866	-0.37364852	0.15322742	-0.08365117	-0.3281042	0.020981308	-0.076481596	2
15	Helen	-0.3201611	-0.09027415	0.48638895	0.15291214	0.03789391	-0.43005437	0.20903619	0.08705287	0.06000952	-0.15344405	0.11462041	-0.19846292	0.1340369	-0.10926916	-0.1197308	-0.18658975	-0.22318292	-0.074887015	0.23060597	0.22530569	-0.036392774	0.32620326	0.46533433	-0.10950116	0.102525815	0.12397689	-0.29789913	0.17852713	-0.07749596	-0.25732812	-0.002541758	-0.14606027	2
16	Dorothy	-0.2782626	0.026371364	0.54489446	0.14169471	0.023778891	-0.19433644	0.1156524	-0.043911632	0.16048478	-0.036210522	0.072002225	-0.03590512	0.039361954	-0.11778364	-0.07876526	-0.22901313	-0.19419128	-0.058150254	0.11332479	0.09275361	0.2132734	0.21282184	0.5271872	0.010011075	0.23770398	-0.018886842	-0.3796036	0.03601451	-0.013666537	-0.32178378	-0.17029208	-0.021230925	2
17	Olivia	-0.27242872	0.15166497	0.80778	0.07642948	0.15739384	-0.32599965	0.16633235	-0.016080447	0.14770897	-0.17439951	-0.02999252	-0.16210805	-0.05659876	-0.0030201892	-0.064586766	0.08433769	-0.57157224	-0.16593409	0.39268252	0.23086436	0.2155939	0.095476784	0.650695	0.004161555	0.4004659	-0.032447856	-0.28458235	-0.15409961	-0.23498029	-0.34492657	0.23547673	-0.36377183	2
18	Flora	-0.33192062	0.096093714	0.8466434	0.112681866	0.14377119	-0.33110648	0.10826143	0.006707404	0.121724844	-0.19336331	-0.026181651	-0.1120942	0.024239462	-0.01157069	-0.07422419	0.020906022	-0.5767409	-0.13244642	0.40423387	0.27421272	0.1804905	0.18642758	0.601624	0.03238284	0.34185317	0.039041344	-0.2731786	-0.15568283	-0.26768965	-0.31608906	0.2610454	-0.37793288	2
19	Event 1	-0.29264793	-0.1635919	0.14749852	0.18061739	0.2971879	0.16962148	0.37230867	-0.08612595	0.1916835	0.3950139	0.33334795	0.038644295	0.16048224	-0.07655573	-0.18514629	-0.19491863	-0.19612506	0.05074558	0.12755205	-0.0064876126	0.5446812	0.23941809	0.65510744	-0.2261246	0.11387095	0.014626599	-0.22328408	-0.1936249	0.29642278	-0.33267292	-0.14001986	0.113533385	3
20	Event 2	-0.29044983	-0.21309721	0.22898838	0.11259596	0.32065222	0.06063487	0.27995655	-0.11107204	0.23925398	0.29932776	0.32250166	0.02154548	0.10078439	-0.12136007	-0.25010675	-0.14456496	-0.19355592	0.06408962	0.23249382	0.08882907	0.5289737	0.1773896	0.6310695	-0.2002671	0.07136238	0.050176486	-0.20973358	-0.15540521	0.26876202	-0.27920723	-0.106203385	0.03725884	3
21	Event 3	-0.31132233	-0.26189548	0.10967694	0.13485241	0.1729245	0.13843887	0.3287075	-0.008441115	0.17753434	0.40501478	0.3728639	0.06333381	0.15822083	-0.114693254	-0.24785793	-0.18525903	-0.16791941	0.045443315	0.15391082	-0.048978206	0.5003664	0.27412224	0.5998378	-0.27034986	0.06359209	0.111559875	-0.29015663	-0.08368126	0.24729313	-0.28110376	-0.15005805	0.14461704	3
22	Event 4	-0.34207392	-0.3025205	0.111111596	0.11507285	0.20069762	0.08787411	0.3882051	-0.13869399	0.13249752	0.43359444	0.36882505	0.096882366	0.11032624	-0.13173233	-0.24325228	-0.23889425	-0.18050808	0.08096967	0.27589333	-0.07054299	0.49142435	0.22994722	0.6180646	-0.1668423	0.11585439	0.021817641	-0.19359471	-0.13852683	0.35792035	-0.30476967	-0.1811645	0.10127004	3
23	Event 5	-0.25941882	-0.19475803	0.18959533	0.09822426	0.1998865	0.06223132	0.29172593	0.02556385	0.22315255	0.3458365	0.36713716	0.08234186	0.18149006	-0.11545599	-0.29304102	-0.20949666	-0.17949624	0.1635128	0.1623224	-0.019885466	0.44999918	0.20621695	0.6203219	-0.25536478	0.09460177	0.096337	-0.20988409	-0.04784773	0.29572558	-0.2313933	-0.14217807	0.13284549	3
24	Event 6	-0.26345116	-0.18511602	0.1827333	0.094495595	0.16332753	-0.07037114	0.15983509	0.09238919	0.11684572	0.25340858	0.21892644	0.025516737	0.17818752	-0.055477608	-0.23682213	-0.14852615	-0.22594544	0.117260806	0.07868917	-0.02599876	0.36840507	0.2178144	0.59168804	-0.309966	0.13649042	0.16791092	-0.33859405	-0.019845922	0.15052742	-0.26530415	-0.12179229	0.03607112	3
25	Event 7	-0.26522332	-0.18893704	0.24744402	0.20791219	0.033793252	-0.15819423	0.24482706	0.14217715	0.10560557	0.050680365	0.28530523	-0.0018588138	0.17348817	-0.112894684	-0.23409621	-0.24296153	-0.16583478	0.10664225	0.119931184	0.12448974	0.23529036	0.23296887	0.5379942	-0.20348462	0.07767133	0.14254342	-0.2312708	0.09783645	0.092272654	-0.23917365	-0.09257829	0.054613713	3
26	Event 8	-0.17221816	-0.14825219	0.3166286	0.16954714	-0.011305446	-0.27743873	0.15759748	0.15289222	0.035350397	0.08749463	0.2558378	-0.11716464	0.09887618	-0.07107003	-0.29252547	-0.22653075	-0.096827	0.14322406	-0.041593846	-0.017691173	0.25004125	0.2196898	0.58883	-0.18474741	0.1134858	0.0963027	-0.27452135	0.15134782	0.026177377	-0.25837797	-0.25779435	-0.005813066	3
27	Event 9	-0.17909802	-0.0660577	0.46964383	0.12061103	0.1288557	-0.33174288	0.13041198	-0.022847386	0.052894212	0.018289195	0.048852902	-0.14582817	0.024705376	-0.06606266	-0.2105908	-0.06211546	-0.24766186	0.07947938	0.09886455	0.11100842	0.18067348	0.14904517	0.662653	-0.102197774	0.2707153	-0.020452732	-0.3078984	0.08401949	-0.05456095	-0.29977056	-0.09353191	-0.18435532	3
28	Event 10	-0.37532988	-0.15191764	0.48725507	0.17311104	-0.16217624	-0.58607644	0.16942951	0.19626231	-0.058923163	-0.24877255	0.13953966	-0.21177584	0.11712648	-0.16845287	-0.120114766	-0.29216647	-0.116194986	-0.02810785	0.0870026	0.24721627	-0.09139967	0.3138614	0.4399714	-0.23939691	-0.013921662	0.15875147	-0.32794455	0.28177145	-0.1699107	-0.32423946	-0.13127789	-0.090061426	3
29	Event 11	-0.36791125	0.10872267	0.70445126	0.11391734	0.22831726	-0.6106758	0.1362985	-0.013759961	0.029937016	-0.33889368	-0.17641132	-0.13771994	0.011371912	-0.00017631231	-0.02920569	0.15099369	-0.5680102	-0.14643934	0.3690959	0.39489666	-0.0070029614	0.063515574	0.68601185	-0.2244986	0.41701412	0.029255219	-0.39070153	0.056202576	-0.2566679	-0.3364929	0.2591679	-0.3519168	3
30	Event 12	-0.33825254	-0.11243688	0.43169102	0.20442115	-0.22546127	-0.58161694	0.07098152	0.26735428	0.011042606	-0.28393087	0.13921602	-0.22093229	0.12948051	-0.1760373	-0.15458217	-0.41195554	-0.06842814	-0.06669751	-0.055734895	0.20624322	-0.14496407	0.36677364	0.41215914	-0.220898	-0.03435167	0.22239482	-0.4420999	0.40113512	-0.14462833	-0.32371953	-0.21988913	0.046402052	3
31	Event 13	-0.33530566	-0.023497785	0.4432627	0.13516721	-0.21613978	-0.5687705	0.043460038	0.33649218	0.0042856904	-0.23214011	0.050046436	-0.2046905	0.068210855	-0.1414224	-0.13138881	-0.30733317	-0.119455755	-0.10872433	-0.02155427	0.21238878	-0.1015399	0.2831496	0.46194044	-0.3211548	0.04191295	0.2254192	-0.48132128	0.32640514	-0.0857221	-0.33852115	-0.15563187	0.07625622	3
32	Event 14	-0.37901843	0.014898148	0.42538393	0.13699473	-0.21759817	-0.5380243	0.015254139	0.3180653	0.050973643	-0.21749358	-0.036239415	-0.24666788	0.022944922	-0.14296031	-0.13359116	-0.30448812	-0.13744578	-0.1723328	-0.00676634	0.2046272	-0.1492625	0.29026464	0.4538785	-0.35456315	0.07099408	0.196508	-0.5061371	0.33648252	-0.088612564	-0.35625136	-0.06893754	0.10819565	3
