mS#id1	mS#id2	mD#data	C#e2v-0	C#e2v-1	C#e2v-2	C#e2v-3	C#e2v-4	C#e2v-5	C#e2v-6	C#e2v-7	C#e2v-8	C#e2v-9	C#e2v-10	C#e2v-11	C#e2v-12	C#e2v-13	C#e2v-14	C#e2v-15	C#e2v-16	C#e2v-17	C#e2v-18	C#e2v-19	C#e2v-20	C#e2v-21	C#e2v-22	C#e2v-23	C#e2v-24	C#e2v-25	C#e2v-26	C#e2v-27	C#e2v-28	C#e2v-29	C#e2v-30	C#e2v-31	C#e2d	cD#class
15	26	train	0.15708424	0.06393633	0.13765909	0.03158726	-0.0053225425	0.047254667	0.11123373	0.010752771	0.022340761	-0.008733081	0.04018104	0.021320844	0.009777807	0.024556583	0.031365152	0.027434634	-0.01060195	-0.00052689324	-0.0012746168	0.0045671277	-0.019276263	0.16376854	0.1784741	0.03496851	-0.022964599	-0.015868148	-0.0017114272	0.012613687	0.00041973867	0.06513369	-0.008743165	0.011911993	1.1133196202863473	1
3	20	train	0.20936944	0.03949438	0.05954376	0.05764934	-0.0050327075	-0.004617904	0.008460632	0.0018148001	0.09476388	0.002692295	-0.003526502	0.022502907	0.11053542	0.011439663	-0.004447735	0.08000397	0.24813285	0.0023882983	-0.00094985234	0.0061798417	0.014542774	0.16997345	0.1700799	0.014500205	0.015089807	0.01864169	0.07479165	0.024037678	0.013320394	0.11599912	-0.0008883372	0.007252096	1.5737372003495693	1
14	27	train	0.096932046	0.03816006	0.12596458	0.015128543	-0.0018958785	0.044776294	0.07069842	-0.0022485738	0.037935138	-0.043708365	0.01091926	0.018089222	0.049153004	0.095182754	0.15596217	0.024131663	0.0025942195	0.0058806296	0.0062380363	-0.024811523	-0.0017854694	0.14487323	0.25997764	0.07219753	0.00052084157	-0.0044614514	0.027195603	0.038668603	0.001023371	0.017901065	0.015846616	-0.009323425	1.2877158469054848	1
5	25	train	0.044141352	0.0117039075	0.11381871	0.049480457	0.013209142	-0.0025800958	0.06618322	0.016858863	0.048693627	0.0027189075	0.016773399	0.01075121	0.07963298	0.0007213314	0.0008633053	0.084933594	0.15931106	0.0075213956	-0.0013017178	-0.0126912715	0.0013215626	0.06529324	0.28250438	0.040501323	0.025602488	0.019511236	0.06974295	0.0060945316	5.5044737e-05	0.18102589	0.07025862	0.000956629	1.4736112632890581	1
15	30	train	0.1319724	0.11376994	0.24518254	0.021121856	0.0019787673	0.15055485	0.09267926	0.036188748	0.035470698	0.05619251	0.04847026	0.010683774	0.002563307	0.083719395	0.035332676	0.027264822	0.024361968	-0.00885833	0.10015687	0.2563321	0.008777415	0.15389277	0.16637847	0.024248036	-0.016449394	0.024688909	-0.0012174703	0.06482186	-0.0043896553	0.040026367	0.0035566823	-0.0046900115	1.924782401882112	1
11	28	train	0.14789565	0.07436846	0.19294636	0.034527846	0.00058596587	0.13287649	0.11188699	-0.0017742113	0.02115634	0.03758434	0.037349876	0.0033759363	0.0028650481	0.101424515	0.020995589	0.034034383	-0.0059214314	-0.004614039	0.0706013	0.13097541	0.0009390796	0.14530784	0.17452975	0.021862868	0.012021225	0.010746558	0.012836548	0.052058212	0.022051793	0.031159896	-0.0011667261	-0.000681588	1.6248062663362361	1
12	26	train	0.1295252	0.02902286	0.1298312	0.049786326	-0.009115921	0.05933371	0.164081	0.004119815	0.0191281	-0.012945692	0.026798598	0.00088303606	0.012679917	0.027864657	0.014599239	0.039968416	-0.0019361109	5.755401e-05	-0.00143576	0.004226257	-0.020235328	0.15156335	0.21057437	0.043054476	0.023301726	-0.0064360597	0.026289063	0.02101376	-0.004576751	0.01690845	-0.0007677529	-0.0039878855	1.1431738205938018	1
3	26	train	0.19749057	0.031903576	0.078115165	0.078896716	0.002920124	0.0022633022	0.015869388	-0.006177618	-0.02405578	0.0014994838	0.004741455	0.012988603	0.020578312	0.025551565	0.016238643	0.045915414	0.032482643	-0.00018145438	-4.9759845e-05	-0.0015258868	0.03874497	0.16534577	0.17468159	0.018298568	0.013992154	-0.011009212	0.06770535	-0.0074790996	0.0022254693	0.08080691	-0.0017761815	0.0050347783	1.0820355319810915	1
1	23	train	0.10716987	0.04825172	0.03701212	0.06473566	-0.0048004542	0.046092946	0.03339522	0.011106477	0.07735064	0.007649279	0.004266891	0.0688455	0.0999721	-0.025305366	0.0019276123	0.047215767	0.20673293	0.0046600993	0.0024607412	-0.009741014	0.010655245	0.11209806	0.2905922	0.032674313	0.006675859	0.023077067	0.066494994	0.04064505	0.030353738	0.1739178	0.0066114664	0.007721035	1.6305155532900244	1
18	27	train	0.17156775	0.08769031	0.13008823	0.023085121	0.0049246703	0.026252827	0.045034893	-0.0026327695	0.010276583	0.034869276	0.017955896	0.06981099	0.021077225	0.22263132	0.3092811	0.028163955	0.010018113	-0.0044353893	0.005956132	0.007314217	0.0058030966	0.25011167	0.1970439	0.0138382185	0.010784847	-0.0013854643	0.017092584	0.012155366	0.00035712981	0.012913915	0.038802505	0.011860813	1.7883090274117421	1
14	30	train	0.07624003	0.026496906	0.22977723	0.018643884	0.0031568722	0.1139754	0.108138	0.03295604	0.024960382	0.053451665	0.027964458	0.004419137	0.0041051814	0.06845949	0.047708575	0.032055654	0.0030083633	-0.00563608	0.06728867	0.1893073	0.006727236	0.10686332	0.2504687	0.045028765	-0.00094220426	0.021363907	0.02575766	0.07098876	0.029019224	0.029323524	0.0029110196	0.0012706507	1.715257720905356	1
6	26	train	0.19820385	0.01894169	0.05889886	0.07862784	-0.015953751	0.010724266	0.079843655	-0.014451541	-0.005826213	-0.0020705662	-0.010021618	0.006949723	0.017326573	0.0044561625	-0.0038859558	0.0206645	0.02865874	-5.5289656e-05	3.20342e-05	6.562288e-05	0.015884914	0.12083598	0.22737144	0.056032754	0.038846686	-0.0052705053	0.08366342	-0.005328054	0.0022575161	0.10490199	-0.0021297676	0.006118022	1.1143129751326342	1
14	24	train	0.08931904	0.009899248	0.060895182	0.018845372	0.018608619	0.008098911	0.1405123	0.0029618745	0.009782506	-0.0174257	0.02454136	0.008979972	0.027261754	-0.019583872	0.009414868	0.0211587	-0.004755685	0.0022545478	-0.004728643	0.08299504	-0.020864146	0.09270934	0.27906874	0.1038169	-0.0013537583	-0.009733384	0.043198165	-0.03224206	-0.0011180644	0.06310756	-0.0028305699	-0.008482409	0.9943117109360173	1
3	23	train	0.2164872	0.049974736	0.061433226	0.066814974	0.00064911245	-0.0043191053	0.009108227	0.015149328	0.07821673	0.0075323717	-0.0030949197	0.024209362	0.12703873	0.047914125	0.019757722	0.078745924	0.20190941	0.0024012926	-0.00061249104	0.040228453	0.012664436	0.20516698	0.1595162	0.016361356	0.0021088468	0.015564758	0.072534256	0.016813712	0.018755913	0.08013154	-0.0020148144	0.0038197844	1.6409673734451644	1
15	28	train	0.14453971	0.1168469	0.23828337	0.023306042	-0.0013350591	0.14005384	0.10191143	0.04169422	0.032007914	0.05167786	0.055190638	0.012424726	0.0026454066	0.082733616	0.03359757	0.02053368	0.027964894	-0.008368812	0.07739787	0.28322962	0.004483423	0.16686809	0.16644147	0.03268292	-0.019714227	0.023892915	-0.001100735	0.05925532	-0.0039209775	0.03763776	0.006144364	-0.0034179175	1.945587839698419	1
2	26	train	0.13675112	0.02922546	0.062250502	0.07018854	-0.013632666	-0.021050384	0.084237605	-0.010773653	-0.023278026	-0.00026807995	-0.015962085	0.019783176	0.019596424	-0.0028747295	-0.004079876	0.04266561	0.033347473	-0.00066508533	0.00015396575	0.0005026992	0.012121617	0.121874444	0.25555843	0.050330903	0.0297246	-0.010339523	0.06176175	-0.014646824	0.0024472089	0.14839728	0.009963496	0.0043516043	1.077662971103564	1
5	21	train	0.13270786	0.006467595	0.053572364	0.057121478	0.016075501	0.022770109	0.07531059	0.031380903	0.12025095	-0.0025104189	0.027258582	0.0225265	0.117831394	0.0042960984	-0.0006862264	0.10511752	0.26584297	0.005725168	0.0013355942	0.0009854393	0.000721905	0.109890394	0.2626415	0.047233045	0.038183853	0.0025601548	0.08595202	0.03627898	0.004716546	0.21030647	0.023361629	-0.003013207	1.8822132556815632	1
7	26	train	0.11407814	0.016883837	0.07882101	0.048093528	-0.010786078	0.009753481	0.13713166	-0.010904788	0.017635835	0.0010842943	0.007414368	0.0135608595	0.0073406645	0.003343031	0.014514029	0.032189257	0.012768467	-0.00010862471	5.2126277e-05	-4.6883215e-05	0.0201793	0.111538924	0.28718942	0.057994254	0.028719665	-0.000379799	0.08111607	-0.00062002434	0.00016172453	0.120986156	0.006145989	0.0012636838	1.207113587828644	1
7	25	train	0.04478394	0.016093131	0.1038654	0.034388877	0.01285541	0.001730629	0.10217249	0.012059993	-0.027385691	-0.0028099755	-0.004865867	0.0103813335	0.024687272	-0.0006506157	0.004603435	0.046934277	0.058725804	0.0013116536	-0.0005641232	-0.0017885378	0.006173069	0.067344114	0.30215263	0.06254552	0.021762293	0.00068788294	0.072907776	0.00043330016	9.377406e-06	0.14858368	0.025693312	-0.00041517222	1.1444066188478246	1
4	22	train	0.014037594	0.01696855	0.070119716	0.09166822	0.06267383	0.0390096	0.08564777	0.01415947	0.048570916	0.004987043	4.5190547e-05	0.122514054	0.028458945	0.038697258	-0.0027786815	0.016533222	0.16468805	0.000568828	-0.0010031076	0.06061438	0.022701291	0.04001316	0.5331515	0.022752393	0.048748624	0.03511828	0.015919097	0.10349689	0.028197423	0.36100647	0.022650506	0.036011666	2.145948152796336	1
1	24	train	0.0962273	0.020478046	0.022214502	0.05166746	0.04732563	-0.0054682554	0.06299306	-0.0013698997	-0.014803156	0.0031942618	-0.0069202245	0.037610795	0.028192464	0.013161022	0.000352192	0.018059487	0.12081304	0.002368258	0.0011039287	0.009091547	0.04603633	0.0736489	0.33052617	0.058422714	0.045586247	-0.01157053	0.07405043	0.042199373	0.0014512028	0.23195021	0.0023054474	0.026748506	1.4276464568974916	1
1	19	train	0.04835046	0.030808548	0.04612528	0.08427999	0.05312755	0.06619051	0.036322027	0.008850655	0.09664567	0.0043022744	0.003213821	0.11197481	0.066774316	0.027592158	-0.000682738	0.03282957	0.25670946	0.003575589	0.0037278146	0.0033517818	0.02441979	0.05980944	0.45959005	0.02038398	0.056285035	0.05292595	0.06151525	0.09677097	0.056065805	0.35086516	0.016626574	0.04029737	2.279624920221977	1
13	27	train	0.10945683	0.0058705057	0.12798345	0.01705317	-0.0009916982	0.04928906	0.080819994	-0.0012255586	0.0062953765	-0.03221178	0.0091788	-0.005025574	0.052611418	0.10785418	0.10030457	0.029465709	-0.011297163	0.006259297	0.0066752527	-0.01942436	-0.00082862406	0.15147896	0.2461852	0.06650325	-0.008721716	-0.0020492333	0.032834902	0.046281077	0.0016481132	0.013869303	-0.008987856	-0.024561487	1.1525933625525795	1
14	25	train	0.035624802	0.014193344	0.1700009	0.019936444	0.010120542	0.00634754	0.09670045	-0.010829584	-0.024412213	0.021528099	-0.015213823	0.006751233	0.05266364	-0.003908046	0.01343264	0.04703057	-0.0060213506	0.0040479815	0.009267403	0.12867326	-0.0045194738	0.06866164	0.28267634	0.07003286	-0.0009967341	0.024869425	0.032544184	-0.009653621	-0.00016089449	0.058601823	-0.029915554	0.0010602946	1.0691341085912427	1
13	25	train	0.040227953	0.00218349	0.17272556	0.022472724	0.0052938648	0.006987274	0.11054462	-0.0059025367	-0.0040512327	0.015865577	-0.012788837	-0.0018756374	0.056369063	-0.0044283136	0.008638986	0.057426177	0.026221443	0.0043086405	0.0099169435	0.10073528	-0.0020974567	0.07179238	0.2676797	0.06450932	0.01669074	0.011423021	0.039292566	-0.011554076	-0.00025911652	0.045403242	0.016967451	0.0027932238	1.1335120192961767	1
13	32	train	0.055887647	0.0008779899	0.2309151	0.008782399	0.0037273793	0.12589177	0.11777523	0.015999733	0.0048657293	0.040886972	0.025351677	-0.00035851472	0.041822005	0.08557475	0.05445197	0.052643	-0.005679056	-0.0009609285	0.06061305	0.16855879	0.0017298592	0.07116081	0.30758926	0.0920051	0.0104776155	0.014798701	0.03884757	0.08490178	0.078069076	0.017481865	0.0044868193	0.030633353	1.839808508520946	1
4	19	train	0.020500585	0.03033587	0.07524842	0.08903908	0.049724	0.04619612	0.06755991	0.01062364	0.091795765	0.0059739966	-0.0024447904	0.119019575	0.040807597	0.032152645	-0.002898921	0.04417125	0.18538241	0.00492876	-0.004072697	0.018367896	0.02514529	0.051079888	0.4991689	0.012692651	0.04811037	0.03444223	0.025316115	0.08858126	0.024059398	0.35534316	0.04612585	0.026140422	2.1586166596971452	1
13	30	train	0.08609116	0.004076258	0.23345993	0.021015726	0.0016513004	0.12546237	0.12361964	0.017962301	0.004142202	0.039392307	0.023507101	-0.0012277311	0.0043940227	0.07757332	0.030683003	0.03914121	-0.013100654	-0.0059990003	0.07200484	0.14820425	0.0031220638	0.11173593	0.23718074	0.04147731	0.015777616	0.009812866	0.031098785	0.084963925	0.04673473	0.022719141	-0.0016510669	0.0033473824	1.6383729920489714	1
15	29	train	0.13607511	0.23352301	0.2663745	0.005144905	0.0039656865	0.11223412	0.031744495	0.047890324	0.02973324	0.039581418	0.10306181	0.057773165	0.00406721	0.10272135	0.121329404	0.01337641	0.043689094	0.0016584435	0.12105913	0.31315938	0.00062553416	0.16825959	0.15424114	0.027319187	0.0345586	0.08554001	-7.100697e-05	0.03916716	0.0015074111	0.039648827	0.030041913	0.065075666	2.4340762393840123	1
2	23	train	0.14990522	0.04577965	0.048956554	0.059440315	-0.0030303965	0.040170874	0.048348125	0.02642015	0.075687885	-0.0013466487	0.010419032	0.036873717	0.120977126	-0.0053906734	-0.004964026	0.073172435	0.20728512	0.008801466	0.0018951555	-0.013253151	0.0039621512	0.1512262	0.23337154	0.04500253	0.004479984	0.014617956	0.06616675	0.032927427	0.0206247	0.147157	0.011302108	0.003301474	1.6602877429686487	1
14	31	train	0.08193338	0.009470679	0.19289875	0.01993676	0.012134931	0.121555746	0.12178426	0.020870304	0.021156413	0.0649932	0.01457161	-0.0032258562	0.05007281	0.06706434	0.04177541	0.032582525	0.000896927	-0.004867769	0.044787664	0.21075754	0.009785592	0.09105556	0.2743237	0.08497004	-0.0017798198	0.015577279	0.038360443	0.08471652	0.041582163	0.014369045	-0.00840275	0.011494787	1.7772021883283742	1
10	27	train	0.15424614	0.08014577	0.102647126	0.034322526	0.0024507376	0.028043479	0.05356959	-0.00056907145	0.01566293	0.032663893	0.007850722	0.049252946	0.011101369	0.13718098	0.19486812	0.027137084	0.0025850576	-0.0031386993	0.0031926935	0.0022423088	0.0049242317	0.20848277	0.22515926	0.03165739	-0.0018236544	0.00051835814	0.037200205	0.01465542	0.0005240164	0.026705295	0.0062252916	0.0007829464	1.4904672276461497	1
5	23	train	0.12325701	0.019234134	0.06792861	0.058602646	-0.002463604	0.027748706	0.05098299	0.037382703	0.10195879	-0.005270223	0.016682945	0.026176546	0.14617789	-0.0069501908	0.0033117498	0.09990101	0.21530837	0.008243004	0.0014805407	0.008770722	0.0014120927	0.13418667	0.24520254	0.03357841	0.0050923396	0.015230361	0.08312919	0.019605346	0.008000655	0.14617068	0.019064218	-0.0022090836	1.7069277660921216	1
16	26	train	0.17157674	0.025682887	0.09272303	0.071800165	-0.0011197288	0.023655431	0.12586427	-0.01354513	0.011555782	0.0024821796	0.007131353	0.010006572	0.0071629467	0.018331753	0.014017546	0.04125981	0.0071691694	4.1895215e-05	-0.00030466172	-0.00057374063	0.02383211	0.15590715	0.22643772	0.030108659	0.02699561	0.0074084294	0.07142735	0.0034584075	-0.000722202	0.08824734	0.008283151	0.00090885663	1.2572108444765036	1
12	30	train	0.108819015	0.051644016	0.23124039	0.033291254	0.0033890358	0.18903907	0.13671128	0.01386535	0.030369913	0.08329831	0.032327063	0.00044248518	0.0033241117	0.09499743	0.016445963	0.039721023	0.004448943	0.0009676199	0.11281919	0.23720057	0.009214125	0.14242359	0.19630322	0.029855046	0.016690876	0.010013727	0.01870144	0.107989915	0.047863975	0.010390688	0.0003123186	0.0015701175	2.0156910665682517	1
12	28	train	0.1191815	0.05304075	0.22473353	0.036733866	-0.0022865562	0.17585382	0.15032968	0.015974715	0.027405087	0.076605916	0.036809195	0.0005145894	0.0034305786	0.09387885	0.01563834	0.029914694	0.0051069036	0.0009141485	0.08718288	0.2620906	0.0047064903	0.1544319	0.19637756	0.04024038	0.02000364	0.009690874	0.01690828	0.09871634	0.042753596	0.009770615	0.0005395475	0.0011442472	2.0083365456666797	1
2	19	train	0.06763082	0.029230142	0.061010685	0.077385925	0.033537984	0.057686284	0.05258543	0.021053988	0.09456814	-0.0007574115	0.007847611	0.059973817	0.08080419	0.005877817	0.0017582007	0.050877485	0.25739515	0.0067531657	0.0028710002	0.0045602717	0.009080496	0.08068609	0.36909196	0.028074978	0.037771326	0.03352546	0.06121159	0.07839624	0.038095485	0.2968774	0.02842264	0.017230943	2.051115316571668	1
6	24	train	0.19508485	0.012592315	0.027801452	0.053145286	0.034961943	0.002427913	0.086441524	-0.004371182	-0.003625409	-0.0043433923	-0.0106092375	0.0070766117	0.030164305	-0.004345943	-0.0008638628	0.013555415	0.104103774	0.0003718394	0.00017689262	0.0016147299	0.022433272	0.09850966	0.236165	0.08958173	0.039979845	-0.0037360364	0.09981468	0.0124360155	0.00090962707	0.13873608	-0.0008424368	0.016080277	1.2914275507209823	1
1	20	train	0.103646286	0.0381327	0.035873756	0.055855263	0.037218947	0.049281683	0.031020816	0.0013304905	0.09371456	0.0027340814	0.0048619034	0.06399276	0.08698495	-0.006041744	-0.0004339321	0.04797009	0.25406063	0.0046348823	0.0038161224	-0.0014964018	0.012235588	0.0928692	0.30983618	0.028957518	0.04776896	0.027639074	0.06856443	0.058108088	0.021557134	0.25176492	0.0029150136	0.014658861	1.8440328060823958	1
14	32	train	0.04949261	0.0057071997	0.22727254	0.007791214	0.0071258144	0.11436549	0.10302553	0.02935525	0.029320266	0.055479784	0.030158797	0.00129045	0.039072834	0.07552086	0.08466661	0.043113273	0.0013041077	-0.00090279547	0.056643013	0.21530697	0.0037273967	0.06805761	0.32482183	0.099882945	-0.00062570005	0.032218724	0.03217561	0.07093684	0.048475813	0.022563787	-0.007910774	0.011628277	1.8810621721786447	1
12	31	train	0.11694524	0.018458907	0.19412708	0.035599865	0.013027362	0.2016118	0.15396328	0.008780608	0.02574153	0.10128448	0.01684486	-0.0003230028	0.04054574	0.09306145	0.014400699	0.040373888	0.0013264279	0.0008357138	0.075093	0.26407754	0.013403077	0.121355556	0.21499942	0.05633698	0.031528994	0.007301409	0.027851734	0.12887295	0.06858515	0.005091621	-0.00090151746	0.014203879	2.104405726189725	1
1	21	train	0.115387216	0.016224936	0.02918986	0.06309948	0.031323906	0.037823077	0.049330447	0.009323331	0.09122791	0.003643659	0.0069717546	0.05924572	0.080585726	0.015641922	-0.0003994198	0.04968122	0.2552548	0.0032366663	0.0022198323	-0.001094457	0.005447287	0.09180122	0.3112593	0.045961298	0.050057545	0.0038791504	0.06875297	0.075212196	0.017894136	0.2502283	0.008101808	0.010531551	1.8570443366188556	1
2	24	train	0.13459916	0.0194289	0.029383495	0.047441084	0.029875387	-0.004765688	0.09119857	-0.0032587252	-0.014484944	-0.0005623469	-0.016898025	0.020144379	0.03411595	0.0028036255	-0.0009069719	0.02798761	0.12113574	0.0044728965	0.0008501977	0.012369517	0.017118603	0.09935625	0.2654421	0.08046596	0.030591665	-0.007329246	0.07368489	0.034186617	0.0009860605	0.19625995	0.0039410945	0.01143752	1.3410712816985324	1
14	29	train	0.07861015	0.054387275	0.24963766	0.0045413156	0.00632675	0.08496524	0.03703942	0.04361233	0.02092299	0.037650798	0.05946054	0.023896756	0.0065137087	0.083997875	0.1638272	0.015726842	0.0053949943	0.0010551787	0.081331484	0.23127559	0.0004794254	0.11683966	0.23219697	0.050731916	0.001979481	0.07401983	0.0015022735	0.04289337	-0.009965223	0.029046938	0.024588251	-0.017630754	1.836856232926948	1
6	21	train	0.2339284	0.009977001	0.036531117	0.0649043	0.023140622	-0.0167935	0.06769316	0.029749606	0.02234243	-0.0049544596	0.010688237	0.0111473035	0.08622206	-0.005165169	0.000979704	0.037290625	0.21995132	0.00050818786	0.00035570408	-0.00019438413	0.0026544356	0.122789435	0.22239858	0.07047418	0.043901246	0.0012525482	0.092674084	0.022164786	0.0112162065	0.14966874	-0.002960493	0.0063312044	1.5708672076289076	1
17	29	train	0.12034198	0.25714427	0.30422682	0.00521009	-0.0030543867	0.03743623	0.0072492566	0.084920846	0.006971613	-0.0091184685	0.10443823	0.11481377	0.0038384264	0.122095786	0.3112192	0.013130426	0.05526727	0.0015688462	0.08689319	0.18602593	-0.0004450791	0.20511945	0.16721906	0.0055145603	0.08508224	0.11823868	-0.00052393187	0.006073071	0.0073096077	0.039671984	0.07331038	0.082681105	2.5998704334779177	1
8	26	train	0.1710701	0.01376861	0.08002126	0.06704118	-0.0016011484	0.017140012	0.11915357	-0.0020874396	0.0139372535	0.0039323648	0.020507703	0.021336017	0.008682035	0.020332979	0.029587895	0.021713153	0.006188935	0.0003459919	-0.00013610696	-0.000589568	0.03557364	0.15617332	0.23585601	0.043521773	0.014097958	4.197962e-05	0.062987305	-0.00014650596	6.0929164e-05	0.081355564	-0.009485729	0.005026387	1.2354074242139177	1
3	21	train	0.23308657	0.016804311	0.048449736	0.06512625	-0.004235586	-0.0035441834	0.013454408	0.012717101	0.09224939	0.003587971	-0.0050568483	0.02083362	0.102403656	-0.029616999	-0.0040939897	0.08285777	0.24929917	0.0016678148	-0.00055252755	0.0045198896	0.006474447	0.16801877	0.1708611	0.02301469	0.01581275	0.0026163654	0.074997306	0.031113166	0.011056986	0.11529112	-0.0024689892	0.005210215	1.5219554533832707	1
11	26	train	0.16073143	0.040692966	0.11146737	0.046796452	0.0023360976	0.044833	0.122121796	-0.00045756195	0.014766622	-0.006351406	0.027192239	0.005793111	0.010589634	0.030104324	0.01960052	0.04547265	0.0022449119	-0.00029049593	-0.0011626884	0.0021120016	-0.0040375274	0.14260878	0.18714711	0.023391785	0.014003217	-0.0071371775	0.019958315	0.011081638	-0.0023606333	0.053923476	0.001660201	0.002375444	1.1212076059018727	1
1	22	train	0.03310755	0.017232947	0.04298152	0.086768605	0.066963784	0.05589356	0.046046548	0.011796388	0.051137093	0.0035915032	-5.9405636e-05	0.115262456	0.046567958	0.033208493	-0.0006544198	0.012288051	0.22805282	0.0004126586	0.0009181629	0.011060939	0.022046305	0.046851408	0.4908782	0.036539596	0.057031736	0.053964812	0.038681574	0.11306562	0.065708674	0.35645708	0.008164627	0.05551461	2.2074814594780037	1
8	24	train	0.1683781	0.009153284	0.037771653	0.045313757	0.003508846	0.0038804016	0.12899981	-0.0006313914	0.008672571	0.008248856	0.021710176	0.02172557	0.015114793	-0.019830061	0.0065775015	0.014243306	0.022481501	-0.0023268983	-0.0007515816	-0.01450703	0.05023843	0.12731788	0.24497771	0.06957994	0.014509195	2.975756e-05	0.07514704	0.00034195418	2.4550352e-05	0.10759522	-0.0037521124	0.013211084	1.1769538129938155	1
9	26	train	0.18791664	0.036741216	0.08482082	0.07855011	0.01219379	0.0077936384	0.06458413	-0.006228633	-0.008845629	0.0103465235	0.00640863	0.020560298	0.015826192	0.034182977	0.052995417	0.05655059	0.009352134	-0.00019217793	-0.00025782647	-0.0030378064	0.051426224	0.19819213	0.1901859	0.012629342	-0.010216624	0.0036433965	0.055246435	-0.0004883321	-0.00035889927	0.063364096	-0.0026833797	0.0006200483	1.2218213719170308	1
4	25	train	0.016273176	0.028910542	0.10117268	0.057745244	0.024089748	-0.002991144	0.08063542	0.0060121785	0.035087433	-0.00547965	-0.0032634716	0.030055132	0.03328294	0.003060425	0.0021335797	0.054009624	0.11046413	0.005861357	0.0023636885	0.07724273	0.010268399	0.046584036	0.36363116	0.024540246	0.028689155	0.01923879	0.022958841	0.011565655	8.961674e-05	0.21813846	0.06759585	-0.0021689162	1.4677970502452808	1
17	27	train	0.14839043	0.18042162	0.1535097	0.01735644	0.0009152797	0.019728722	0.013836905	-0.004378367	0.0126401195	0.010585523	0.019178908	0.08691103	0.028965095	0.13835366	0.29627815	0.020147659	0.02657564	0.008743357	0.0066646137	-0.019957084	0.0016575573	0.25433415	0.18722558	0.007847873	0.022386862	-0.0071266866	-0.0094847195	0.0054749064	-0.00075065455	0.024449077	0.04724702	0.043723095	1.741851465369109	1
10	26	train	0.1444041	0.03127425	0.10512855	0.063255526	0.010976598	0.022404991	0.098342426	0.0024782298	0.0064909887	0.0062080277	0.016667431	0.024012065	0.0035367112	0.028940842	0.052916225	0.036272462	-0.0013045695	0.00017892616	-0.00043827842	-0.00030482427	0.040745433	0.16365263	0.2326941	0.028473664	0.0046056495	0.0015953602	0.049528264	0.0052354005	-0.001420843	0.07118593	-0.0028112011	0.00027101496	1.2451960828911979	1
8	27	train	0.1827296	0.035284486	0.078132465	0.03637663	-0.00035748733	0.021453504	0.06490594	0.00047933502	0.03363097	0.020690363	0.009659573	0.043763902	0.027252005	0.096379295	0.10895973	0.016244601	-0.012263627	-0.0060693445	0.0009914881	0.004336904	0.004299202	0.19895463	0.22821876	0.04838807	-0.0055822316	1.3639852e-05	0.047309164	-0.00041011308	-2.2471082e-05	0.030520417	0.021005765	0.01452094	1.3497961076864158	1
2	25	train	0.053684726	0.027856767	0.08202982	0.050187733	0.016248122	-0.0037351185	0.06276278	0.011914967	0.03614713	0.0006947359	0.010475523	0.015144744	0.06590442	0.00055947556	-0.0012940199	0.062209554	0.1533745	0.008030969	-0.0016662547	0.019177364	0.0037081356	0.073584415	0.26887357	0.054280773	0.022523781	0.018726699	0.05551196	0.010235843	0.00014189852	0.18224743	0.0416524	-0.0014296813	1.3997651596437208	1
3	27	train	0.21095079	0.08175853	0.076271355	0.042809457	0.0006519741	0.0028328896	0.008644455	0.0014185554	-0.05804725	0.007889619	0.0022333285	0.026641898	0.06459318	0.121115655	0.059800062	0.034351416	-0.06436568	0.003183049	0.00036248175	0.011224531	0.004682469	0.21063973	0.16902523	0.020344585	-0.0055403374	-0.0035770696	0.05085284	-0.020936191	-0.00082076795	0.03031459	0.0039332826	0.014545183	1.107783840794582	1
13	28	train	0.09428935	0.0041865017	0.22689062	0.02318894	-0.0011141195	0.11671152	0.1359339	0.020694945	0.0037378245	0.036227427	0.02676635	-0.0014277934	0.0045347577	0.07665991	0.029176233	0.029478025	-0.015038128	-0.0056674914	0.055642925	0.16375567	0.0015947216	0.121156834	0.23727055	0.05590555	0.018909115	0.0094964905	0.028116925	0.07766769	0.041744918	0.021363359	-0.0028523088	0.0024394563	1.6374406749382615	1
2	21	train	0.16139933	0.015393687	0.038609922	0.057937976	0.019773932	0.032963526	0.07141844	0.022178391	0.08926685	-0.00064146286	0.017023852	0.031732064	0.097517505	0.003332119	0.001028594	0.07699326	0.2559366	0.0061130472	0.0017096179	-0.0014890651	0.0020255728	0.12384469	0.24996908	0.06330278	0.03359223	0.0024572124	0.06841358	0.060931012	0.012158672	0.21172556	0.013849802	0.0045032357	1.8449716112809256	1
14	28	train	0.08350013	0.027213525	0.22331154	0.020571828	-0.0021299173	0.10602575	0.11891009	0.037969716	0.022523655	0.04915722	0.031841718	0.005139248	0.004236665	0.067653395	0.04536572	0.02414175	0.0034532745	-0.0053246263	0.05199842	0.20917176	0.0034362106	0.1158734	0.25056356	0.060692407	-0.0011292105	0.020675113	0.023287924	0.064892635	0.025920875	0.027573619	0.0050289463	0.0009260061	1.7224723473191261	1
4	26	train	0.041452665	0.030331008	0.07677757	0.08075787	-0.02021203	-0.016857492	0.10822552	-0.005436282	-0.022595603	0.00211445	0.0049727173	0.03926022	0.009896554	-0.015725251	0.0067268983	0.037041795	0.02401768	-0.0004854088	-0.00021841025	0.0020247754	0.033566624	0.07715497	0.3456234	0.022754516	0.037861034	-0.010622262	0.025543654	-0.016549699	0.0015455473	0.177622	0.016169319	0.0066016563	1.099340014916379	1
4	21	train	0.048924156	0.015976004	0.047620114	0.06666256	0.029317178	0.026397731	0.09175591	0.011191004	0.08664989	0.005059465	-0.0053034932	0.06297309	0.049248125	0.01822725	-0.0016959455	0.066844665	0.18433191	0.004461573	-0.002425202	-0.0059976676	0.0056091235	0.07840227	0.33806425	0.028619079	0.042787343	0.002524406	0.028294742	0.06884699	0.007678872	0.2534219	0.022476234	0.006831691	1.6837752232095227	1
9	23	train	0.20599236	0.057552557	0.06670686	0.06652144	0.0027105496	-0.014872759	0.037068028	0.015274431	0.02876133	0.05197379	-0.0041831452	0.038322188	0.09770186	0.06409969	0.06448006	0.096985474	0.058132086	0.0025432035	-0.0031735713	0.080088675	0.016809514	0.24592394	0.1736745	0.011292314	-0.0015398125	-0.005151013	0.05918674	0.0010978162	-0.0030247476	0.06283451	-0.0030438963	0.0004704181	1.5712153810018208	1
13	26	train	0.10247268	0.0022907718	0.13107736	0.03142855	-0.004441713	0.039378885	0.14836839	0.005337143	0.0026089125	-0.0061221006	0.019486997	-0.0024500953	0.016761122	0.022753816	0.027237596	0.03938499	0.0057012015	-0.0003568204	-0.0009163483	0.0026405891	-0.006856429	0.11890637	0.25442368	0.059815142	0.022026744	-0.006306962	0.043716308	0.01653313	-0.004468773	0.03697017	0.0040587126	-0.008501898	1.1129581208806485	1
11	30	train	0.13503656	0.0724101	0.19853286	0.031291977	-0.0008684936	0.14283936	0.101751134	-0.0015399373	0.023445144	0.04086776	0.032801908	0.0029029003	0.0027761322	0.102633	0.02207988	0.045191187	-0.005158529	-0.0048839278	0.09136175	0.118537046	0.0018384818	0.134009	0.17446367	0.016220449	0.010030415	0.01110458	0.014197891	0.056948647	0.024687665	0.033137396	-0.00067536265	-0.0009352641	1.6270353870349936	1
2	20	train	0.14497656	0.03617906	0.047450826	0.05128633	0.023495313	0.04294992	0.04491057	0.0031649782	0.09170004	-0.00048133256	0.011871951	0.034274586	0.10526126	-0.0012870419	0.0011174707	0.07434144	0.25473922	0.008753838	0.0029390112	-0.0020359317	0.004549802	0.12528545	0.24882618	0.039883364	0.032056425	0.017507719	0.06822597	0.047074605	0.014647599	0.21302578	0.0049831304	0.006268052	1.7979421285854187	1
13	31	train	0.09252015	0.0014569599	0.1959904	0.02247308	0.0063475533	0.1338067	0.13921957	0.011375112	0.0035109294	0.04789808	0.012248988	0.0008962121	0.053595945	0.075992435	0.026867183	0.039784543	-0.0039058882	-0.0051812157	0.047926776	0.16499713	0.0045414255	0.095207386	0.25977018	0.078268394	0.029803846	0.0071549537	0.046314888	0.1013942	0.06696703	0.011132781	0.004765857	0.03028169	1.8034232821664773	1
9	27	train	0.20072433	0.094155826	0.08281874	0.042621385	0.0027224994	0.009755002	0.0351806	0.0014302699	-0.021344742	0.054438822	0.0030186041	0.042172767	0.049676772	0.16202895	0.19515973	0.042308077	-0.018531634	0.00337116	0.001878169	0.022346318	0.006215044	0.25248384	0.18402751	0.014041467	0.0040453775	0.0011837981	0.04149507	-0.0013669847	0.00013236444	0.023770945	0.0059422366	0.0017912835	1.5396936082834145	1
7	24	train	0.11228298	0.011224268	0.03720511	0.03250686	0.023637215	0.0022081328	0.14846353	-0.0032983897	0.010974044	0.002274506	0.007849111	0.013808454	0.012779564	-0.003260344	0.003226524	0.021115378	0.046381857	0.00073053344	0.0002878409	-0.0011536179	0.028497966	0.09093038	0.29829645	0.092717655	0.029557418	-0.0002692233	0.09677557	0.001447176	6.51641e-05	0.16000788	0.002431067	0.003321398	1.283022457602783	1
11	27	train	0.17168629	0.104282886	0.10883633	0.025391812	0.000521579	0.05611577	0.066522814	0.000105069135	0.03563226	-0.033418287	0.012808136	0.011882684	0.03323976	0.14269595	0.07218044	0.034020163	-0.0044483845	0.005095842	0.008469747	-0.015536034	-0.0004879497	0.18167429	0.1810871	0.02600729	-0.0055447184	-0.0023189837	0.014990501	0.031020751	0.00087061734	0.020229312	-0.0036764483	0.0068625193	1.286799113790039	1
16	19	train	0.08485397	0.025687002	0.090876296	0.07916281	0.0027546661	-0.06482513	0.078570925	0.026470037	-0.04694594	0.00701295	-0.0035060637	0.03033549	0.029535804	-0.03748203	-0.006040787	0.049201116	0.055335812	-0.00042539704	-0.005681029	-0.0052047297	0.017853012	0.1032172	0.32703418	0.01679485	0.034303576	-0.024021516	0.07079109	-0.018510915	-0.011242455	0.17654394	0.023629159	0.003598778	1.109676657622913	0
25	29	train	0.050785508	0.075552635	0.23365228	0.008208647	0.005213805	0.007626377	0.03603779	-0.021342875	-0.017088318	0.019482242	-0.026237579	0.03266625	0.0055748657	-0.005546513	0.025556827	0.018237684	-0.08074094	0.0015056178	0.012740694	0.19169536	-0.00027837834	0.0968641	0.2192824	0.037529413	-0.03742847	0.0436258	0.0019617216	-0.0074135084	6.1482446e-05	0.07887538	-0.07060146	-0.0046981513	0.9313606839205022	0
1	16	train	0.11232369	0.036454167	0.047622282	0.07787163	0.0041185403	-0.03157333	0.043209877	0.014157661	-0.03324724	0.0022787887	-0.0029907816	0.023470828	0.029107345	-0.036310103	0.0010661302	0.04427867	0.055970214	-0.00037242245	-0.004913661	-0.0028926788	0.027704049	0.09020061	0.2987818	0.024701644	0.036430106	-0.027063314	0.08427629	-0.01830231	-0.008809732	0.14669298	0.009822435	0.0035335356	1.047597703349311	0
2	29	train	0.118461415	0.106743954	0.12045661	0.011432245	0.010157342	-0.049996573	0.02404019	-0.04798333	-0.030980643	0.0012150333	-0.04094173	0.053606544	0.008151397	-0.012025129	-0.015782129	0.020802634	-0.13742009	0.0020934152	-0.0146231875	0.03446914	-0.0003933587	0.12521662	0.22085905	0.039321076	-0.044731487	0.055736996	0.00256249	-0.04548032	0.0087886825	0.09033387	-0.034235023	0.023772977	0.6036286891321652	0
29	8	train	0.14819044	0.05028889	0.15484357	0.010919607	0.0011929736	0.040709082	0.0340047	-0.009296968	0.018549042	-0.017822871	0.05260095	0.057814278	0.0036114096	0.08505381	0.114454456	0.010586765	-0.0255037	-0.0010890403	0.012927015	-0.040425573	-0.0011544005	0.16045608	0.2038318	0.034001436	-0.021215513	-0.00022629845	0.002613338	-0.0004549203	0.00021881543	0.04952357	0.032593396	0.027459342	1.189255478195264	0
12	6	train	0.17190656	0.025331482	0.0834512	0.055540726	0.02477024	0.035162147	0.07729807	-0.013740298	-0.013478165	0.016160496	-0.017230142	0.00038970355	0.055129945	0.01822517	-0.0027235404	0.03219524	-0.013024799	-8.0329184e-05	-0.0037105463	0.0037844486	-0.011462594	0.11728708	0.19852744	0.054161474	0.027577994	0.00759159	0.04181025	-0.032772437	-0.03499424	0.01681149	0.00033268036	-0.009320748	0.9109075816886616	0
15	8	train	0.17994213	0.04056388	0.12021452	0.030045455	0.0014515017	0.04475712	0.07820121	-0.0051801056	0.03765718	-0.020704351	0.05286608	0.028887246	0.021302052	0.07328682	0.044552002	0.023220519	-0.015402293	-0.004601956	0.01399594	-0.03674248	-0.024453383	0.16379365	0.17454255	0.034167554	-0.009863604	-0.00014908199	-0.0020491963	-0.0005409208	8.661889e-05	0.050224036	0.0168738	0.022873752	1.1338182457984658	0
22	29	train	0.043808676	0.044344336	0.16193731	0.013030892	0.013564656	-0.099460915	0.038277924	-0.05026528	-0.023655059	-0.017730838	0.00036332183	0.13315779	0.0047668503	-0.07013236	-0.033284098	0.005582851	-0.12037453	0.00014611591	-0.005406925	0.15042834	-0.0006154365	0.083201006	0.32150918	0.034795247	-0.06359846	0.07963407	0.0013602097	-0.06634082	0.01934512	0.13053417	-0.023657652	0.078005895	0.7832715941331116	0
32	4	train	0.0226079	0.011625043	0.13525677	0.02256699	0.016961452	-0.053892322	0.0859097	-0.016296932	-0.04214173	-0.014121534	0.006469274	0.005744824	0.024693675	-0.059141047	0.013448061	0.049511023	-0.023924388	-0.001307221	0.01444703	0.12924907	-0.008468772	0.046174232	0.41784656	0.035000026	0.018009624	0.024924152	0.022698825	-0.08498686	-0.027000578	0.08399107	0.017874831	-0.023786558	0.8499421888263896	0
1	8	train	0.11199202	0.0195431	0.041098695	0.07271022	0.005889278	-0.022877082	0.04090606	0.0021818369	-0.040098995	0.0036101453	-0.00860062	0.050044507	0.035280313	-0.040273976	0.002250362	0.02330184	0.048317455	-0.0030756532	-0.0021951676	-0.0029724769	0.041353196	0.0903546	0.31120914	0.035705987	0.01902495	-0.00015335338	0.07431798	0.0007753272	0.0007432403	0.13523683	-0.011248491	0.019542046	1.0538933121133596	0
12	13	train	0.08887681	0.0030635411	0.18571773	0.022200337	0.0068963272	0.12911338	0.1436381	0.0050744717	0.0060353703	0.04778219	0.033503946	-0.00013738833	0.053330783	0.09306038	0.019089947	0.06136172	-0.002591077	-0.0005184169	0.10614133	0.15228185	0.0049476163	0.115414135	0.22214787	0.057817545	0.015637198	0.009084493	0.021846943	0.10169397	0.0692714	0.005924803	-0.0006339912	0.01295256	1.790025878319284	0
18	20	train	0.17028162	0.04235979	0.10155768	0.03108757	-0.038014434	-0.042794827	0.04407723	-0.0033681802	-0.016776832	0.011898974	-0.028352974	0.0589654	0.036068514	0.021028062	-0.023003327	0.06559346	-0.038620315	-0.003327952	-0.015607533	0.004026957	0.018023212	0.2018249	0.1982734	0.009862919	-0.029373888	0.007220267	0.02513886	-0.0139560625	-0.0057959254	0.049415242	-0.008763598	0.005913694	0.8348619083408266	0
1	14	train	0.059408084	0.0211358	0.06625901	0.030239189	0.031232871	-0.047747493	0.04455669	-0.010235056	-0.045230955	-0.007626428	-0.0097222105	0.020685224	0.06363324	-0.039773975	0.0032211107	0.03461533	-0.0102209635	0.0029800215	-0.013811094	0.017005607	-0.017174084	0.06579371	0.3545169	0.053275194	-0.0017750937	0.050160266	0.04272158	-0.073103786	-0.033848412	0.079320125	-0.00848579	-0.012547314	0.7094572923379019	0
16	9	train	0.21589856	0.043480955	0.085829526	0.08001977	-0.0023255108	0.01018773	0.0479621	0.01947064	-0.0123623395	0.015483458	0.0029320817	0.013064811	0.028446356	0.091975205	0.03566285	0.09095241	0.015738497	-0.0002032459	0.0063370555	0.023783028	0.043705385	0.19788468	0.17856908	0.008536942	-0.008402744	0.00604078	0.07501376	-0.00049434236	0.0008778891	0.05299849	-0.0045222146	0.00021528707	1.362756922186236	0
18	5	train	0.12093521	0.019360702	0.1255866	0.04177138	-0.041635826	-0.016853368	0.043330465	-0.040335763	-0.016151156	-0.0041918717	-0.06250864	0.03035295	0.039897922	-0.025551189	0.01097432	0.085478656	-0.041107617	-0.003975737	-0.007934122	0.004513752	0.007397428	0.13596949	0.2267279	0.010493891	-0.028037533	0.010280367	0.03356765	-0.011084504	-0.0031134703	0.048092645	-0.059915163	-0.004566951	0.6277684110682458	0
21	29	train	0.15268305	0.041750487	0.109975815	0.009476268	0.0063451906	-0.067305036	0.04100779	-0.039727397	-0.04220032	-0.017988324	-0.042638894	0.06844404	0.008249021	-0.033033866	-0.020314679	0.022571754	-0.13473271	0.0011460526	-0.0130722625	-0.0148845725	-0.00015206446	0.16302507	0.20386466	0.043767173	-0.055821255	0.0057243328	0.0024176484	-0.04413047	0.005268166	0.091633305	-0.02347563	0.014798321	0.4426706674566958	0
16	4	train	0.04762522	0.03589487	0.07769062	0.08226884	0.003854691	-0.022035867	0.08037149	0.01699376	-0.031578816	0.003164251	0.0022751216	0.024947466	0.01778829	-0.04231151	0.004526813	0.059575688	0.04041882	-0.00051336456	0.005368253	-0.015851993	0.028527124	0.077035286	0.32451224	0.015381165	0.03113911	-0.017611792	0.034683242	-0.016753387	-0.0037805012	0.14856519	0.02724964	0.0022921623	1.0417121301870793	0
11	3	train	0.21255597	0.059821934	0.09502322	0.0523838	0.0011618742	0.0056072082	0.011434662	0.0006523419	-0.042960886	-0.005741852	0.008271715	0.004778182	0.0546826	0.11290243	0.015279989	0.08138767	0.017117264	0.0013306424	0.004667501	-0.04397522	-0.0055785156	0.15100768	0.13555308	0.009609719	0.0059694317	0.01758503	0.02568733	-0.024259934	-0.017793385	0.041299526	-0.0005999589	0.004569011	0.9894300658488646	0
25	6	train	0.07780937	0.018054608	0.077613235	0.056222185	0.019014511	0.0019028824	0.05948899	0.015982475	0.009047196	0.005365924	0.006576941	0.005320267	0.05827072	-0.0008672517	-0.001232514	0.030130342	0.13180968	0.00066762784	-0.0003466819	0.0025034335	0.0048593692	0.07295742	0.23921798	0.060430095	0.029436033	0.009545815	0.075197354	0.0037234777	0.00013089941	0.12883064	-0.008903495	-0.0020100223	1.1867495093756588	0
23	32	train	0.089282736	0.013029181	0.12695388	0.01667933	-0.001095229	-0.110402495	0.077217594	-0.03185458	-0.050141353	-0.05564602	-0.013236117	0.004294934	0.06138605	0.048048582	0.05066712	0.05880708	-0.026377358	-0.0014117738	-0.010092162	-0.1233304	-0.0023125731	0.115955256	0.2662516	0.061259404	0.0023531632	0.0148227615	0.050080474	-0.039440244	-0.04347093	0.0494735	0.006163459	-0.007155502	0.5967593635432422	0
10	31	train	0.13037904	0.01989082	0.15719104	0.04523106	-0.015686411	0.07613059	0.09227834	0.005281879	0.008735212	-0.048570354	0.010476686	-0.008783292	0.011309111	0.09665565	0.0521966	0.03664044	0.0008937594	0.0025980996	0.022922803	-0.019046934	-0.026988154	0.13103534	0.237584	0.03725792	0.0062317913	-0.0018098615	0.052472316	0.032107607	0.021292118	0.021436132	-0.003300993	-0.00096528936	1.1830770576489158	0
11	21	train	0.18970191	0.021433873	0.069135934	0.038628694	-0.0033884668	-0.070205554	0.10353748	0.0009419264	-0.056627218	-0.015197672	-0.029001016	0.009292106	0.052697092	-0.034894135	-0.0049415664	0.08205877	0.017229345	0.0026700564	-0.012910356	-0.006256044	-0.00067468773	0.14491421	0.18305399	0.029420592	0.015825253	0.0016961674	0.022107854	-0.04609978	-0.011728533	0.07693523	0.0023077698	0.0024582162	0.7741214446141385	0
27	4	train	0.044277925	0.07772855	0.074965335	0.04381932	-0.0045127263	-0.021099884	0.05895316	0.0012483238	-0.0545238	0.011125299	0.0023422579	0.08052958	0.031064253	-0.07453845	0.024772327	0.027712656	-0.047592014	0.008514977	0.0015910364	-0.0148943905	0.004056647	0.098290406	0.33443183	0.025298767	-0.014991466	-0.0034513434	0.019185595	-0.046327453	-0.0005700081	0.06663463	-0.035806306	0.019071802	0.7373068344895728	0
6	9	train	0.249404	0.032068152	0.054520022	0.08762908	-0.033133578	0.00461864	0.03042539	0.020773573	0.0062328647	-0.012915876	-0.0041204244	0.009073718	0.06880937	0.022357734	-0.009886485	0.045552466	0.06291461	0.00026822623	-0.000666321	-0.0027202375	0.02913113	0.1533707	0.1793054	0.015887404	-0.01209155	-0.004297532	0.087864205	0.00076158834	-0.0027441755	0.06300074	0.001162754	0.0014492177	1.1440047986980062	0
17	6	train	0.18437807	0.06144907	0.10105627	0.03568464	-0.01113921	0.009340836	0.011966631	-0.06359243	-0.0036910332	-0.0025114669	-0.0261794	0.018699419	0.04012076	0.019090874	-0.015008984	0.02169268	-0.09022388	0.0006956649	-0.002364416	0.0024293938	0.007769296	0.15449466	0.1824214	0.00887958	-0.06691387	0.02587195	-0.020083526	-0.0030502353	0.015562546	0.064798005	0.009245115	0.035373673	0.706262088380754	0
16	23	train	0.18808071	0.040230457	0.0729215	0.060805142	-0.0002489038	-0.04514214	0.07223973	0.03321662	-0.03757332	0.012468757	-0.0046548927	0.018651176	0.04421994	0.034375582	0.01705529	0.070761465	0.044562962	-0.000554424	-0.0037500637	0.015126088	0.00778992	0.19345522	0.20677902	0.02692115	0.0040686806	-0.010473994	0.076521724	-0.0077748224	-0.006086607	0.08750978	0.009396006	0.0006895311	1.2215872839733493	0
10	9	train	0.18170667	0.052947097	0.09731276	0.07049696	0.022796769	0.0096492	0.037474573	-0.0035623666	-0.0069440394	0.038724728	0.0068528745	0.031350702	0.014045414	0.14520378	0.13462722	0.07995839	-0.002863925	-0.0008680229	0.009116323	0.012635751	0.0747225	0.20771559	0.18350287	0.00807336	-0.0014335699	0.0013008452	0.052015103	-0.0007483445	0.0017271381	0.042751964	0.0015347849	6.4197164e-05	1.5018872920118156	0
5	8	train	0.12880301	0.0077902847	0.07542873	0.06582171	0.003022391	-0.013772376	0.062449455	0.0073437286	-0.052856	-0.0024873286	-0.03362722	0.019028002	0.05158641	-0.011061362	0.0038662523	0.04930297	0.050321702	-0.0054403604	-0.0013207544	0.0026763917	0.0054803565	0.10815872	0.26259917	0.03669397	0.014512214	-0.00010120989	0.09290916	0.000373983	0.00019590367	0.113660924	-0.032435115	-0.005591221	1.0033324962641927	0
18	24	train	0.1580929	0.022748081	0.06288868	0.028756749	-0.048337128	0.004748479	0.089506336	0.003467946	0.002650069	0.013901722	0.040356405	0.03465604	0.011690072	-0.04580644	0.018670173	0.024694223	-0.018365057	-0.0017004638	-0.0045149503	-0.024466202	0.06781223	0.16005503	0.21151355	0.019898755	-0.028031701	-0.0030226163	0.027150279	-0.010135201	-0.00039017538	0.0455261	-0.006931019	0.0107909115	0.8678737692534924	0
7	9	train	0.1435469	0.028584223	0.07296106	0.05359923	-0.022401087	0.0042005503	0.05225568	0.015675243	-0.018866763	0.006763662	0.0030484444	0.01770537	0.029152129	0.016772863	0.03692598	0.07095744	0.028030649	0.0005269701	-0.0010842422	0.00194343	0.037006546	0.14157043	0.22647795	0.016443562	-0.008939379	-0.00030968533	0.08518895	8.862584e-05	-0.00019658795	0.072660364	-0.003355424	0.0002993374	1.1072324151245994	0
17	21	train	0.16396153	0.037083115	0.097513735	0.026404442	-0.0059461654	-0.024682293	0.021536045	-0.039251294	-0.020087833	0.00481399	-0.043426134	0.06796331	0.045920197	-0.033832293	-0.020283585	0.04859742	-0.10293195	0.0045812363	-0.010158809	-0.008036311	0.0022919034	0.20287205	0.18925913	0.008877859	-0.063894644	0.0052126516	-0.013987979	-0.0081362305	0.010112452	0.09298365	-0.029657768	0.015662007	0.621333438437432	0
21	31	train	0.15913768	0.007270184	0.08497996	0.04160162	0.012170301	-0.09629013	0.1348321	-0.019011203	-0.042671118	-0.031051636	-0.010449237	-0.009239357	0.063412674	-0.026374409	-0.0051801777	0.046763666	-0.022399545	-0.00528699	-0.00719864	-0.0135640595	-0.0031038001	0.12704879	0.24085116	0.073304914	0.05019082	0.0012046709	0.06173447	-0.08715986	-0.021982621	0.0453295	0.008022524	-0.009648116	0.7472441466525197	0
19	9	train	0.09293494	0.0367471	0.083131485	0.08660492	-0.029998176	-0.021357616	0.040316727	0.012172061	0.035935808	0.029232232	-0.0031507437	0.062329706	0.06525796	-0.06989224	-0.022838091	0.06743492	0.072185196	0.0019513427	-0.0048076916	-0.02755768	0.0385242	0.13121167	0.27467725	0.0070447475	-0.01298236	-0.011813558	0.05475431	0.002613768	-0.0055869534	0.12676355	-0.0076548173	0.0024551905	1.1066391507629305	0
5	9	train	0.14148718	0.020788193	0.07995284	0.07712128	-0.023017483	-0.0062623597	0.033849124	0.021912677	0.03354639	-0.006544459	-0.010508461	0.018336195	0.09403514	-0.018595912	0.0069249147	0.12840658	0.0760414	0.0030217967	-0.002501896	0.013790369	0.007922553	0.1372591	0.21175064	0.010648021	-0.01051683	-0.008783971	0.081491016	0.0012465562	-0.0011539578	0.08852525	-0.00917544	-0.00068972545	1.1903067281818949	0
12	7	train	0.098942496	0.022579435	0.11167802	0.03397206	0.016746765	0.03197919	0.13275962	-0.0103681	0.040798146	-0.008462774	0.012747505	0.0007604209	0.023356633	0.013672597	0.010172412	0.050150786	-0.0058030016	-0.00015781856	-0.0060378266	-0.0027037386	-0.014561434	0.10826307	0.250757	0.056057464	0.02038863	0.0005470591	0.04053723	-0.0038137203	-0.0025069267	0.019389123	-0.0009600342	-0.0019252102	1.0389550749532646	0
29	32	train	0.07055498	0.030380014	0.31236747	0.0032079606	0.0036710098	0.13740668	0.038394988	0.057853144	0.02052391	0.050207432	0.05201151	0.006243921	0.0041361707	0.107183345	0.16108598	0.01671862	0.01748692	-0.0003357883	0.07787201	0.32076088	0.00022959009	0.096011974	0.25197622	0.05352556	-0.023495728	0.056517903	0.0019395045	0.054476015	-0.018524013	0.03036983	-0.018669628	-0.05152474	1.9205636311526177	0
25	32	train	0.031974334	0.007928214	0.2127193	0.014082996	0.005872305	0.0102653075	0.100239486	-0.014365788	-0.02394658	0.028707776	-0.013307882	0.001764012	0.033441134	-0.004986762	0.01320788	0.049996454	-0.019517146	-0.0012881845	0.008873209	0.1784596	-0.0021643126	0.0564221	0.30675557	0.073889345	0.011830876	0.018989071	0.042016044	-0.012260422	-0.00029908126	0.061270736	0.0227146	0.0030986427	1.2023828435339965	0
11	14	train	0.09766963	0.027921349	0.15693389	0.018512044	-0.0033786192	0.088626824	0.09351804	-0.0010340371	0.028075872	0.03180977	0.04044233	0.0032442731	0.04161142	0.08872812	0.039851133	0.057174347	-0.0006899009	0.0024583398	0.08032416	0.097206034	0.0021271403	0.10385966	0.20849411	0.03410234	-0.0005611803	0.02193269	0.013737334	0.04480747	0.022185605	0.024387779	-0.002417146	-0.0029287245	1.4587321029393934	0
24	25	train	0.057703905	0.013751641	0.056995798	0.034063924	0.015335158	0.0007269485	0.13671252	-0.0014494736	-0.007989612	-0.009016854	-0.010829129	0.012275392	0.023332426	0.0012931541	0.0014687071	0.02453676	0.0711731	0.0032169786	-0.0007407488	0.06879137	0.012114764	0.076859236	0.26354718	0.07679953	0.025597164	-0.0057366607	0.056409683	0.005572581	6.8981226e-06	0.17136514	0.008127556	-0.002260348	1.1797546908401273	0
11	7	train	0.1227805	0.03165864	0.09588185	0.031931896	-0.004291621	0.024163717	0.098809995	0.0011515198	0.031495593	-0.0041520004	0.01293475	0.0049887006	0.019506294	0.014771554	0.013657189	0.05705728	0.006728554	0.0007965674	-0.004889474	-0.0013511485	-0.0029054233	0.101866744	0.22285928	0.030456398	0.012252586	0.0006066535	0.030775342	-0.002011171	-0.0012930427	0.061834697	0.0020759932	0.0011467804	1.0112951917108148	0
31	32	train	0.07353768	0.0052901963	0.241371	0.01408322	0.0070411265	0.19658123	0.12624131	0.027685123	0.020752883	0.0866686	0.012746124	-0.00084287557	0.03179597	0.08557573	0.041076407	0.034637272	0.0029072308	0.0015490645	0.0428826	0.29230398	0.0046861824	0.07482411	0.29769143	0.089649074	0.021125821	0.0118940445	0.049525104	0.10759282	0.07729567	0.015023458	0.006380129	0.033592775	2.1331644993042573	0
16	22	train	0.058103006	0.014368179	0.08468245	0.08150033	0.0034720756	-0.05474058	0.09960677	0.035279967	-0.024840007	0.005854353	6.480757e-05	0.031226156	0.02059807	-0.04511143	-0.005790231	0.01841589	0.04915864	-4.9095055e-05	-0.0013992407	-0.017175699	0.016117787	0.08085465	0.34929812	0.030105848	0.03475866	-0.024493022	0.04451434	-0.02162785	-0.013176067	0.1793576	0.011603307	0.004957762	1.0454955442692153	0
11	6	train	0.21332365	0.035517287	0.07164754	0.052205276	-0.006347762	0.026568785	0.05753121	0.0015260486	-0.010404954	0.007928652	-0.017483233	0.0025566292	0.04604178	0.019690048	-0.003656547	0.036628995	0.015102196	0.00040545047	-0.003004826	0.0018912153	-0.002287116	0.1103576	0.17644045	0.029426293	0.01657305	0.008418586	0.031741805	-0.017282594	-0.01804961	0.05361426	-0.00071939325	0.0055520437	0.9414528112392873	0
14	19	train	0.044879332	0.014893094	0.12644026	0.030740585	0.020889957	-0.098033294	0.0810199	-0.019136094	-0.06386725	-0.023470256	-0.011397251	0.026735162	0.06456991	-0.041057702	-0.018251093	0.038463503	-0.010105113	0.0034039097	-0.015967976	0.030597793	-0.011067304	0.07528821	0.3880395	0.036222238	-0.0016714764	0.04452247	0.035885625	-0.07393701	-0.04319533	0.0954612	-0.020413687	-0.012778984	0.693702828255482	0
14	21	train	0.10710345	0.007843261	0.080016285	0.02301513	0.01231668	-0.056018915	0.11003648	-0.02015807	-0.06028698	-0.019877303	-0.024724102	0.014145538	0.07792537	-0.023275502	-0.010677372	0.05820709	-0.01004785	0.00308126	-0.009508581	-0.0099910945	-0.0024687673	0.11555951	0.26280138	0.08167302	-0.0014865409	0.0032632262	0.040107828	-0.057465214	-0.013786354	0.068080544	-0.009947194	-0.0033397349	0.7321164760505781	0
32	7	train	0.06221716	0.0064711114	0.13885663	0.013439263	0.009051419	0.03118125	0.108855486	-0.032690465	0.03289156	-0.0072415518	0.009645748	0.0019843178	0.018316273	0.012572794	0.029015683	0.043025	-0.012718869	-0.00029252973	-0.0034479606	-0.0029927327	-0.0050911848	0.06675168	0.34720194	0.08920428	0.013661284	0.000891163	0.07208207	-0.0031839805	-0.0028253137	0.057210006	0.006794258	-0.004553204	1.0962825956230517	0
14	26	train	0.090747066	0.014890708	0.1290097	0.027881512	-0.008491442	0.03577347	0.12978733	0.009792237	0.015720975	-0.008307116	0.023182072	0.008818956	0.015659329	0.020080546	0.042351358	0.032255303	-0.0013091931	-0.00033523393	-0.0008563292	0.0033729316	-0.014773821	0.11372107	0.26867765	0.06493676	-0.0013153885	-0.013731089	0.03620816	0.013813703	-0.0027748167	0.04771728	-0.007155974	-0.0032272802	1.0821204246603884	0
15	17	train	0.14612679	0.20741698	0.23618987	0.014335637	-0.0037162998	0.041158818	0.016671244	0.04731639	0.01415336	-0.0105926795	0.10496464	0.05736738	0.02264112	0.10520411	0.121143706	0.028799668	0.033377223	0.0066294703	0.094078325	0.16907749	-0.009428002	0.20938604	0.1431908	0.0055415025	0.039556786	0.077893846	0.0004108306	0.0072211563	0.002893535	0.04023311	0.037953235	0.068873726	2.076069813221693	0
16	20	train	0.1818969	0.031793606	0.07067869	0.052463934	0.0019298042	-0.0482651	0.06710347	0.0039791553	-0.045522146	0.004456707	-0.005304011	0.017336505	0.038475428	0.0082072895	-0.0038393806	0.07189195	0.054764833	-0.0005514239	-0.005815606	0.0023236496	0.00894529	0.16027066	0.22047262	0.023858793	0.029113354	-0.012544554	0.07890321	-0.011115253	-0.0043226904	0.12667993	0.004142725	0.0013091173	1.1237174462294206	0
17	19	train	0.06870445	0.070414886	0.1540894	0.03526758	-0.010085116	-0.043194097	0.015856998	-0.037261326	-0.021280788	0.0056841504	-0.020018466	0.12845111	0.038050037	-0.05967975	-0.03467123	0.032113392	-0.103518546	0.005060954	-0.017059918	0.024611257	0.010274436	0.13217324	0.27945065	0.003937358	-0.07184356	0.07111984	-0.012515445	-0.0104683945	0.03168428	0.13037984	-0.060863834	0.059928272	0.7947916714474559	0
17	25	train	0.054536965	0.06710645	0.20717561	0.022872373	-0.0048859287	0.0027967666	0.018925954	-0.021087097	-0.008134234	-0.0052137887	-0.026722003	0.03243681	0.031033855	-0.0056805713	0.025517711	0.039266083	-0.061683774	0.006018564	0.009901138	0.103498004	0.004195696	0.12053986	0.20357229	0.0076125734	-0.042841718	0.03972622	-0.011350087	-0.001366811	0.00011801798	0.08003771	-0.08919385	-0.004972353	0.7937564379244577	0
20	31	train	0.14294502	0.01708677	0.10443867	0.036825493	0.014460705	-0.12546149	0.084787436	-0.0027130032	-0.043834228	-0.023300122	-0.0072870012	-0.009979657	0.06844821	0.010187203	-0.005627776	0.04515302	-0.022294752	-0.0075709303	-0.012375211	-0.018545527	-0.0069716945	0.12852682	0.23974995	0.046185125	0.047896143	0.008583319	0.061565183	-0.06733871	-0.02648255	0.04560787	0.0028864879	-0.013429209	0.7121215665247291	0
10	11	train	0.15541984	0.058641892	0.12788367	0.041998766	0.004367426	0.055507146	0.07086047	-0.0002616952	0.0115921665	-0.023771897	0.029077198	0.008833437	0.009398078	0.12787832	0.0497923	0.064294994	-0.00068746443	-0.0013121024	0.041110758	-0.008784868	-0.005866543	0.14946136	0.18057084	0.014953296	0.0019648948	-0.0025482713	0.018790966	0.016982054	0.011360124	0.03638235	-0.00094956794	0.00024594335	1.2431858870550059	0
17	31	train	0.1254294	0.044777587	0.23508061	0.022872737	-0.005858422	0.05355824	0.02383529	0.040638138	0.0070493906	-0.015740396	0.025594002	-0.015498871	0.029507121	0.09748191	0.07935989	0.02720333	0.009188279	-0.007237429	0.04785039	0.16952229	-0.009084546	0.15985382	0.19755706	0.009236246	-0.07650038	0.02488302	-0.013378561	0.011994615	-0.030501004	0.019625083	-0.025052976	-0.053905908	1.209339958615601	0
1	32	train	0.053320546	0.011806179	0.0829088	0.0213608	0.018122444	-0.07721775	0.04618737	-0.013577128	-0.04436823	-0.010169861	-0.008504242	0.0054047885	0.04040677	-0.050752565	0.0031672139	0.03679827	-0.03312945	-0.0009483288	-0.013223633	0.023585426	-0.008224428	0.054065406	0.3847157	0.05620889	0.021069726	0.038299914	0.055155534	-0.092844255	-0.06291966	0.08293262	0.006443181	-0.036668718	0.5894113380345516	0
30	6	train	0.16651852	0.033705324	0.10490388	0.052577075	0.005931143	0.03416785	0.06652524	-0.04863706	-0.009250348	0.01332294	-0.012089045	0.003482473	0.004542259	0.015192147	-0.004377508	0.020536594	-0.06585423	-0.0009295507	-0.0025171845	0.0036831135	-0.0072331703	0.11354918	0.21196191	0.03885451	0.027825633	0.0082002655	0.059516247	-0.027380923	-0.023609258	0.06446503	0.00086638035	-0.0024087986	0.8460406450321898	0
4	7	train	0.031665113	0.023597158	0.06604242	0.055105712	0.037131313	-0.00908571	0.08756637	0.013681179	-0.048193954	0.0013822445	0.0023654122	0.03380869	0.01822963	-0.0077160476	0.004687147	0.046478577	0.071986906	0.0013310369	-0.00091848447	-0.0012953456	0.024154697	0.055112496	0.4115767	0.029626666	0.033127785	0.0009028824	0.03938783	0.003003552	0.0008465773	0.20368129	0.020218873	0.0031870464	1.2526757515734062	0
12	4	train	0.035952814	0.04056288	0.10878275	0.057045326	0.03138176	-0.05527144	0.104775056	-0.005168732	-0.052271906	-0.016503004	0.00854958	0.0022015045	0.031489	-0.064314395	0.004714665	0.057711024	-0.010915535	-0.00070524024	0.025298627	0.11676809	-0.024221761	0.07488896	0.30177817	0.021994602	0.02687826	0.015300213	0.012765276	-0.10179588	-0.02395786	0.02846553	-0.0025257282	-0.010057561	0.7395950453937985	0
11	18	train	0.17287327	0.06416216	0.16207136	0.02824811	0.008776188	0.051962864	0.059570994	-0.0012107147	0.00760572	-0.025376916	0.066504344	0.012520489	0.017843332	0.20753402	0.07902687	0.06672792	-0.0026641944	-0.0018541712	0.07669421	-0.028655477	-0.006913589	0.17930514	0.1580232	0.006536451	-0.011620124	0.006811003	0.008633988	0.014085103	0.0077421986	0.017593462	-0.005918697	0.0037257823	1.400364290107973	0
14	17	train	0.08441698	0.04830721	0.22134958	0.012653811	-0.0059288847	0.031158693	0.01945198	0.043089665	0.009959581	-0.0100760115	0.06055836	0.023728909	0.036260154	0.0860281	0.16357645	0.03386019	0.0041216216	0.0042179767	0.0632049	0.124867715	-0.007225862	0.1453979	0.21556163	0.010290607	0.0022657719	0.06740341	-0.008691821	0.007908149	-0.01912864	0.029474983	0.031063389	-0.01865975	1.5104667553678155	0
25	27	train	0.062622234	0.053010434	0.117898524	0.027345574	-0.0015623725	0.004019066	0.06878658	0.0011004006	-0.030982556	-0.022616707	-0.0048182365	0.024727501	0.042068414	-0.006285068	0.024329893	0.027984366	-0.03882483	0.008390977	0.0009771974	-0.020565309	0.0010367327	0.120104894	0.24551792	0.0534088	-0.009848189	-0.0026294899	0.035512976	-0.006683318	-6.3138923e-06	0.04860937	-0.045501176	-0.0024844578	0.774643832244692	0
20	26	train	0.15832183	0.026865456	0.069848046	0.05150036	-0.010118906	-0.036922917	0.09035925	-0.0012729268	-0.032572478	0.0029781088	-0.0115929395	0.027282728	0.021405889	0.0030502737	-0.0057053654	0.044699553	0.032542374	-0.00052139553	0.00023661104	-0.00029679982	0.010525533	0.16051967	0.2348155	0.035296112	0.035397984	-0.0075660404	0.05811096	-0.010980113	0.0017672054	0.15145636	0.002458199	0.003770389	1.1056585009064293	0
15	5	train	0.1182727	0.0361752	0.12975864	0.031012692	0.010047043	-0.037970163	0.0582986	-0.037828848	-0.08472567	0.005523913	-0.0658863	0.01901447	0.0580972	-0.013359048	0.004098487	0.06229445	-0.08620355	0.008284845	-0.012368622	-0.020732846	-0.0029696368	0.11341885	0.19871087	0.029482564	-0.023639392	0.03825698	-0.0025244334	-0.03219872	0.0013495729	0.09099753	-0.029896026	-0.0132505875	0.549540764070116	0
19	6	train	0.09802251	0.018944724	0.057725795	0.08669063	0.039248127	-0.029388683	0.0498425	0.028241355	0.023669282	-0.0058500106	0.0049270354	0.021068478	0.07144465	-0.009111295	0.001674632	0.024641812	0.22120479	0.000561402	0.0005973419	0.00059530267	0.011899641	0.07999858	0.3283827	0.031255517	0.04936285	0.017089387	0.08291816	0.028518086	0.035142556	0.20986255	-0.0060755406	0.024225386	1.5973302475758828	0
31	8	train	0.15445514	0.008757011	0.11964994	0.047938	0.0022881657	0.05824056	0.11180621	-0.0044489834	0.018755982	-0.030766029	0.0128905745	-0.00780443	0.027761975	0.0679074	0.029185519	0.021933429	-0.004240034	0.00502398	0.007118656	-0.03683914	-0.023562564	0.12504673	0.24081233	0.056948442	0.0190756	-4.762392e-05	0.06673139	-0.00089849	-0.00091305724	0.024498502	-0.011138415	-0.01790277	1.0882640023664862	0
21	32	train	0.096128576	0.004381142	0.10012305	0.016257763	0.0071465843	-0.09059438	0.11406358	-0.026740322	-0.059137084	-0.026506435	-0.021626743	0.0036960507	0.0494822	-0.02970011	-0.010498715	0.06187779	-0.03256833	-0.0009805459	-0.009104129	-0.013856854	-0.001182258	0.09496002	0.2851876	0.086170495	0.017644707	0.0024916392	0.051781062	-0.07298274	-0.025626983	0.07118115	0.007552811	-0.00976016	0.6392604266293347	0
11	5	train	0.12101877	0.023024095	0.10507011	0.045945223	-0.004409711	-0.036024302	0.06400513	0.0016097284	-0.056001317	0.0040174383	-0.044588093	0.0051664435	0.06292087	-0.01637708	0.0025612013	0.10325247	0.018253187	0.0045677447	-0.0112824915	-0.009587604	-0.00062200805	0.098764524	0.20836727	0.019722026	0.0144146895	0.01720723	0.029439429	-0.028287888	-0.007590072	0.075335875	0.005676824	-0.0026423815	0.8129273263621144	0
13	22	train	0.034701504	0.0012815623	0.11971085	0.03567453	0.013772945	-0.09112593	0.11741614	-0.0139012495	-0.0056080497	-0.014439301	0.00017709193	-0.007645681	0.048198987	-0.055993397	-0.01125104	0.017579084	0.039092854	0.00041814128	-0.0042085755	0.079049595	-0.00463704	0.06166576	0.39246866	0.059809558	0.02836091	0.02085146	0.027244503	-0.10339328	-0.08152962	0.07513973	0.0056855767	-0.046377372	0.7381889147654874	0
11	15	train	0.1690673	0.119886085	0.16745545	0.020972492	-0.0021177612	0.11707087	0.08014928	-0.0011354672	0.039898057	0.03344088	0.07009791	0.007843405	0.025982495	0.108505994	0.029513502	0.04862944	-0.0055868723	0.003863817	0.11955976	0.1316221	0.0027754037	0.14956723	0.13849607	0.018364144	-0.009797319	0.025346218	-0.0006493135	0.040914983	-0.0033559536	0.033289116	-0.002953268	0.010810014	1.6875260566012003	0
2	5	train	0.10296337	0.016535776	0.058677863	0.068911806	0.025733562	0.016914446	0.044149686	0.03790231	0.08828018	0.00016956792	0.026173605	0.017643139	0.11643689	0.0015638841	-0.0005331177	0.096878655	0.27114543	0.010457771	0.0014940525	-0.0022820437	0.001867416	0.08440484	0.2845356	0.042434867	0.03059803	0.024927855	0.09110141	0.03738867	0.007868435	0.20732415	0.034068774	-0.0048406105	1.840896258756402	0
4	6	train	0.05501621	0.02647325	0.049350083	0.09009202	0.054921143	-0.009990032	0.050984714	0.018130945	0.01592146	-0.0026395316	-0.0031972053	0.01732641	0.043028396	-0.010285266	-0.0012549269	0.029837796	0.16157414	0.00067749387	-0.0005644546	0.0018131075	0.0190143	0.059706263	0.32585037	0.028624624	0.044809185	0.0125293825	0.040624753	0.02581042	0.011817391	0.17660345	-0.00700644	0.015429825	1.3410292741609737	0
5	22	test	0.038077284	0.0068694097	0.078884296	0.0785482	0.03436597	0.033648834	0.07029721	0.039704837	0.06740573	-0.0024744845	-0.0002322677	0.043825272	0.06809106	0.009120807	-0.0011243313	0.02599955	0.23751263	0.00072993	0.00055242603	-0.009959171	0.0029216998	0.05608335	0.41420445	0.037550643	0.043503758	0.0356156	0.04835805	0.054537773	0.017319528	0.29958734	0.023542767	-0.015883418	1.8371847351227188	1
12	32	test	0.070641845	0.011123666	0.22871977	0.013912299	0.007649863	0.18968606	0.13024794	0.012350416	0.03567469	0.08645891	0.034863733	0.00012921188	0.031638663	0.1047961	0.02918603	0.053422824	0.0019285904	0.00015499475	0.09497021	0.26977795	0.0051053204	0.09070473	0.254577	0.06622455	0.011084096	0.015101616	0.023361215	0.10791092	0.07995545	0.007995399	-0.0008487342	0.014368828	2.0828741725854343	1
3	25	test	0.07752936	0.030409463	0.10293528	0.056414444	-0.0034803557	0.00040159372	0.011823782	0.0068320483	0.03735486	-0.0038859495	-0.0031117003	0.00994325	0.06920659	-0.0049728076	0.0051504327	0.066948004	0.1493969	0.0021910788	0.0005385131	-0.058210734	0.011852511	0.0998312	0.18378288	0.019734602	0.010602539	0.019939624	0.060854107	0.0052267225	0.00012904122	0.09923936	-0.0074253283	-0.0016541323	1.0555271671473747	1
4	23	test	0.04544	0.047511417	0.060381286	0.06839112	-0.004492919	0.032169495	0.062115975	0.013331355	0.073469006	0.010621537	-0.0032458727	0.07317683	0.061095666	-0.029487886	0.008184685	0.06352747	0.14929192	0.0064236997	-0.002688399	-0.05338114	0.010971808	0.09573667	0.31561735	0.020345569	0.005706278	0.015017692	0.027365489	0.037205264	0.013025634	0.17613748	0.018341692	0.005008543	1.4223147125449032	1
1	27	test	0.10442912	0.07893968	0.045951754	0.041477203	-0.004821617	-0.03023224	0.031694803	0.0010399902	-0.057404492	0.008012072	-0.003079036	0.07576304	0.05083108	-0.06396602	0.005834243	0.020596985	-0.06590334	0.006177225	-0.001456305	-0.002717935	0.0039396035	0.11508823	0.30791488	0.04062899	-0.017538738	-0.005303537	0.04661879	-0.050610628	-0.0013282945	0.06579491	-0.01290678	0.029400576	0.762864202959463	1
16	27	test	0.18327077	0.06581692	0.09053442	0.038958855	-0.0002500011	0.029608607	0.06856143	0.003110344	0.027884414	0.013060129	0.0033590223	0.02052523	0.022483746	0.086893395	0.051620703	0.030868348	-0.014206002	-0.0007349204	0.0022193461	0.0042204764	0.002880196	0.19861555	0.21910545	0.033475198	-0.01068919	0.0024071177	0.053648405	0.009681095	0.0002663529	0.033105858	-0.018342705	0.002625634	1.2545841875253245	1
1	26	test	0.09776577	0.030803613	0.047062606	0.07644141	-0.021595519	-0.024153674	0.05818495	-0.004529018	-0.02378941	0.0015227569	-0.00653693	0.03693641	0.016193936	-0.013494804	0.0015842823	0.027530715	0.033258636	-0.0003521418	0.00019991492	0.00036948192	0.03259815	0.090340756	0.3182191	0.036543004	0.044294186	-0.016322792	0.062068142	-0.01807979	0.0036016009	0.17538363	0.00582841	0.010176936	1.0780543132714229	1
15	25	test	0.061666954	0.060942054	0.18139854	0.02258621	0.006343683	0.00838473	0.08287675	-0.011891873	-0.034691703	0.022631997	-0.026369827	0.016321884	0.032883584	-0.0047791656	0.00994813	0.04000169	-0.04876138	0.006362286	0.013794212	0.17423038	-0.00589682	0.09887892	0.18777299	0.037712768	-0.017401397	0.028740015	-0.0015382445	-0.008814997	2.4338051e-05	0.079991	-0.03655081	-0.0039135804	0.9728833197459608	1
10	25	test	0.056689076	0.02980961	0.13853183	0.04523034	-0.01308248	0.003975476	0.07327184	-0.0027407627	-0.010079489	-0.016088258	-0.010938425	0.018382112	0.011894257	-0.0056324233	0.016783513	0.052887883	-0.0060000857	-0.0021605503	0.004743155	-0.011628676	0.012464474	0.09880892	0.24481797	0.03070822	0.0034899258	-0.0028894788	0.0445164	-0.0036587273	-8.238591e-05	0.08742379	-0.011752228	-8.903958e-05	0.8776057870418299	1
12	27	test	0.13835315	0.07437618	0.1267667	0.027014121	-0.0020353056	0.074265756	0.08937905	-0.0009460257	0.04615662	-0.0681145	0.012622723	0.0018112615	0.03980094	0.13207981	0.053762835	0.029902196	0.0038364828	-0.0010096049	0.010458971	-0.031088645	-0.002445512	0.19308183	0.20375578	0.047868524	-0.009226559	-0.0020911791	0.019745464	0.058823667	0.0016879364	0.00634318	0.0017001579	-0.011520769	1.265115233254619	1
4	24	test	0.040800355	0.020163862	0.036240567	0.05458499	0.044293772	-0.003816441	0.117168725	-0.0016443216	-0.0140603	0.0044354466	0.005264294	0.039977033	0.01722918	0.015336301	0.0014954151	0.024298524	0.08724498	0.0032645182	-0.0012060597	0.049822032	0.047404047	0.062899396	0.35899037	0.036378525	0.03896544	-0.007529668	0.03047487	0.038628045	0.00062275154	0.23491053	0.006395829	0.017351435	1.4063844517804682	1
3	24	test	0.1943828	0.021209296	0.036871936	0.05332702	-0.0063993228	0.0005123988	0.017180756	-0.0018685547	-0.014968908	0.003145442	0.0050194715	0.01322575	0.035825346	-0.024919571	0.003609912	0.030119406	0.11799422	0.0012203347	-0.00027477348	-0.03754628	0.054717105	0.13479558	0.18143737	0.029254626	0.014400305	-0.0078039602	0.0807759	0.017456692	0.0008967144	0.10686961	-0.0007025746	0.013233138	1.0729971835098695	1
7	23	test	0.12505133	0.026447358	0.06198834	0.040728793	-0.0023976304	-0.018612765	0.078706644	0.02674173	-0.05734245	0.005446746	-0.004839627	0.025275987	0.045317065	0.0062688296	0.017659366	0.05520527	0.07936773	0.0014374946	0.0006416193	0.0012360282	0.0065959385	0.13840152	0.26225644	0.051854584	0.0043285238	0.0005369576	0.08690146	0.0013938724	0.0013629894	0.11997497	0.0069717127	0.0009587313	1.1958655689959414	1
6	23	test	0.21726908	0.029670838	0.046320673	0.06658728	-0.003546349	-0.020465335	0.04582622	0.035439406	0.018943777	-0.010401095	0.0065414733	0.0129535375	0.10696436	0.008356166	-0.0047280816	0.03544006	0.17814034	0.00073168054	0.00039430714	-0.0017300803	0.005192247	0.14993764	0.20763168	0.050100744	0.005854832	0.0074514095	0.08963049	0.011977962	0.019026	0.10402524	-0.0024159055	0.004641619	1.4217622116557322	1
9	25	test	0.0737709	0.035020545	0.111771576	0.056166604	-0.014533194	0.0013828804	0.0481196	0.0068884674	0.013735876	-0.026813272	-0.0042058257	0.015739659	0.053224813	-0.0066526397	0.016808629	0.08245487	0.04301312	0.0023205667	0.0027902606	-0.11588864	0.015731845	0.119662926	0.20009501	0.013620468	-0.007741635	-0.006598834	0.04965594	0.00034126788	-2.081035e-05	0.077817746	-0.011217871	-0.00020371143	0.8462571391519305	1
10	30	test	0.12131933	0.0556502	0.1872429	0.042297877	-0.0040807812	0.07138301	0.081938304	0.008340551	0.010305821	-0.0399452	0.020105867	0.012032331	0.0009271689	0.09866641	0.059609838	0.036047947	0.002997739	0.0030081745	0.034439053	-0.017108398	-0.018553369	0.15378384	0.21692385	0.019744348	0.0032989972	-0.0024821865	0.035233278	0.026904775	0.014859272	0.04374563	0.0011435846	-0.000106704494	1.2796734481089516	1
18	29	test	0.13913837	0.12497981	0.25780994	0.006929736	-0.016434154	0.049816035	0.023594113	0.05106402	0.005668013	-0.03003672	0.09777836	0.09222376	0.0027931337	0.19647002	0.32487786	0.018354725	0.020833883	-0.00079585495	0.077656016	-0.06817799	-0.0015582188	0.20171404	0.17598821	0.009723869	0.040988278	0.022986203	0.000944187	0.01348341	-0.0034776037	0.020954601	0.06020754	0.022428997	1.9389265846111812	1
3	22	test	0.066878505	0.017848318	0.07134132	0.08955562	-0.009054774	-0.0052374643	0.012558755	0.016090373	0.051709674	0.0035366125	4.308891e-05	0.040531777	0.059175856	-0.0628782	-0.0067076995	0.02049387	0.22273187	0.00021263795	-0.00022853544	-0.04567948	0.026203437	0.08574959	0.2694602	0.01829686	0.018015837	0.036397576	0.042194743	0.04677206	0.040602125	0.16423537	-0.0024881328	0.027464433	1.3158262279503106	1
17	23	test	0.15228494	0.110282354	0.12364533	0.027089112	0.00091126235	-0.030078983	0.0145792505	-0.046758354	-0.01703214	0.010106202	-0.0265779	0.07897563	0.056967143	0.05473359	0.097889215	0.04618575	-0.08336542	0.006595989	-0.011261301	-0.071525715	0.004483111	0.24772617	0.17669263	0.0063113524	-0.008521225	0.031010065	-0.013528587	-0.00439686	0.017153705	0.06462703	-0.02420217	0.011482345	1.0024835239164531	0
16	30	test	0.1441481	0.045700785	0.1651476	0.048011526	0.00041628277	0.075366944	0.10486933	-0.045586508	0.018347254	-0.015971443	0.008602528	0.005014246	0.001877807	0.06249743	0.015790688	0.041004427	-0.016473863	0.0007043583	0.023939718	-0.03220145	-0.010851913	0.14650545	0.21109147	0.020878095	0.019336782	-0.011526615	0.05081179	0.01777279	0.0075528375	0.05423031	-0.0033695505	-0.0003578367	1.1532793646329083	0
11	16	test	0.18466532	0.048157606	0.11279296	0.04767201	-0.00044552353	0.058605045	0.09069128	0.0014303338	0.020637311	-0.009504809	0.012441015	0.0036811675	0.019034047	0.08100089	0.013190015	0.073135346	0.0037779121	-0.00030722626	0.02857744	-0.01653489	-0.0034313563	0.14238755	0.17571588	0.015811933	0.011517058	-0.011833495	0.027099455	0.011218027	0.0057742507	0.045102246	0.0027978842	0.0008247783	1.1956814685836434	0
18	9	test	0.20211206	0.05793128	0.12332781	0.04741582	0.0458093	0.009033073	0.03150413	-0.016481042	-0.0045560435	0.041339327	0.015673654	0.0444364	0.026666833	0.23565154	0.21367095	0.082984015	-0.011098833	-0.0012266291	0.017006963	0.041216724	0.08805879	0.24919131	0.1605891	0.0035290627	0.008477939	-0.0034768907	0.023899665	-0.00062068517	0.0011770864	0.020673623	0.009566379	0.0009725193	1.7644552380079404	0
20	22	test	0.05361434	0.015029763	0.063791096	0.058458034	0.03137689	0.085442625	0.07150872	0.0033154956	0.07001694	0.0070240283	-0.000105353116	0.085137516	0.06155567	-0.0075062225	0.0023567167	0.019951185	0.22314143	0.0006109992	0.0010866997	-0.008885102	0.0071184756	0.08324674	0.3622215	0.035292815	0.04557728	0.0250141	0.03621541	0.06866636	0.03224142	0.30782628	0.003443525	0.020567259	1.8643526494997786	0
15	23	test	0.1721942	0.100151815	0.108261205	0.026750192	-0.0011831445	-0.090177044	0.06384254	-0.02636894	-0.0726404	-0.04386897	-0.026227621	0.039739765	0.060362585	0.04604834	0.0381623	0.047050986	-0.06590084	0.0069726883	-0.015689185	-0.12040766	-0.006300766	0.20320992	0.16297947	0.031266503	-0.0034611411	0.022434294	-0.0018334903	-0.028356744	0.0035374928	0.064589314	-0.0099178245	0.009037388	0.6942572258412838	0
12	20	test	0.13731602	0.035928257	0.09896462	0.03637856	0.015710898	-0.121060885	0.08747841	-0.0012102788	-0.07535207	-0.023243748	-0.019931711	0.0015298703	0.068109564	0.012475255	-0.0039987057	0.0696418	-0.014789829	-0.00075752457	-0.027406838	-0.017116342	-0.007595252	0.15580527	0.20502715	0.034117356	0.025129694	0.010898058	0.029040575	-0.06753781	-0.02739383	0.024272248	-0.00038398296	-0.0057441513	0.6343006415991113	0
13	21	test	0.1209425	0.0012065995	0.081298724	0.025943074	0.006442623	-0.061664764	0.12578991	-0.010986918	-0.010004689	-0.014648988	-0.020783236	-0.0039299345	0.083408214	-0.026374107	-0.0068669803	0.071073145	0.043755822	0.0032796694	-0.010175025	-0.007821794	-0.001145738	0.120828636	0.24885914	0.0752314	0.024892766	0.0014988646	0.048424616	-0.068778075	-0.022202577	0.052747123	0.005641832	-0.008798146	0.8670836915262043	0
2	4	test	0.037958536	0.040846035	0.052158356	0.080422245	0.046930756	0.019609174	0.053790502	0.013516657	0.06361253	-0.00034174495	-0.0050923973	0.0493216	0.04866529	0.006635161	-0.0013175514	0.06160554	0.18800859	0.008149648	-0.002712934	0.013889175	0.01450962	0.060219377	0.36624566	0.025711803	0.034286965	0.024579775	0.029989881	0.07095286	0.012810372	0.24982817	0.03277758	0.010974869	1.7085421023948584	0
22	32	test	0.027581751	0.0046533304	0.1474293	0.02235618	0.015277863	-0.13387705	0.106470436	-0.033833317	-0.03314883	-0.026127018	0.00018427936	0.007190661	0.028594209	-0.06305465	-0.017201368	0.015304726	-0.029097594	-0.00012501465	-0.003765633	0.14004189	-0.004784845	0.048463523	0.44976124	0.06850622	0.020103028	0.034662444	0.029132895	-0.10971411	-0.094104305	0.10139951	0.007611373	-0.051448405	0.6744427138473839	0
16	8	test	0.19654348	0.016294297	0.08097289	0.068295516	0.00030535937	0.022405172	0.08848699	0.006525314	0.019478215	0.0058847405	0.009382701	0.013557733	0.015605287	0.054709394	0.01991094	0.034922067	0.010415221	0.0003659184	0.0033453407	0.0046157357	0.030232817	0.15593106	0.22144957	0.02941902	0.011594978	6.960253e-05	0.085524336	-0.0001483091	-0.0001490364	0.06804677	-0.015985997	0.0017452128	1.2597523332588025	0
10	29	test	0.12509085	0.11422703	0.20342693	0.010303003	-0.008178375	0.053213887	0.028065503	0.011037455	0.008638834	-0.028136982	0.0427509	0.06506557	0.0014711428	0.12106091	0.20469512	0.017685503	0.0053759413	-0.000563186	0.04162632	-0.020901227	-0.0013222303	0.16814049	0.20109922	0.022245083	-0.0069308775	-0.008600066	0.0020549234	0.016256608	-0.0051026857	0.04333301	0.009659414	0.0014805648	1.4382685662712902	0
10	5	test	0.108725496	0.017694984	0.099095084	0.06210491	-0.02071986	-0.018002903	0.051542148	-0.00871855	-0.024616592	-0.0039267475	-0.027330186	0.021414569	0.021014225	-0.015744133	0.006914567	0.08236206	-0.010607343	-0.0028134265	-0.0042529646	0.0013837744	0.006277106	0.11333856	0.25907874	0.024006646	0.0047409823	-0.0038463003	0.07305645	-0.0133643085	-0.004568393	0.09945305	-0.009612507	-0.00030146993	0.8837776695145294	0
15	24	test	0.15461233	0.042504467	0.06497787	0.021350123	0.011664118	0.010698189	0.12042552	0.003252409	0.013901723	-0.018319238	0.042537067	0.021710122	0.017022451	-0.023949198	0.0069725933	0.01799646	-0.038511917	0.0035435138	-0.007038424	0.11237967	-0.027222661	0.13350977	0.18537657	0.055905506	-0.023634475	-0.011248252	-0.002041819	-0.029441144	0.00016912643	0.086141296	-0.0034583888	0.031308837	0.9730942178284749	0
20	8	test	0.1813598	0.017044568	0.060996693	0.048986576	0.0027595102	-0.034971435	0.06352572	0.00061322754	-0.05490357	0.0070604878	-0.015252797	0.0369649	0.04663514	0.009103255	-0.008104071	0.03783345	0.047276884	-0.0045539374	-0.0025981094	0.0023877504	0.013352428	0.16054428	0.2296428	0.034487654	0.015203911	-7.10833e-05	0.0695798	0.00047086723	0.00036468732	0.11678672	-0.0047441805	0.0072400095	1.0850219243002357	0
19	22	test	0.025010817	0.0121429935	0.08202046	0.08820731	0.04478841	0.11475848	0.083729	0.022055255	0.07220686	0.011052815	-6.964064e-05	0.148974	0.047253434	0.034280315	0.0037079996	0.013654109	0.22546792	0.00047135653	0.0010615527	0.019901691	0.014207056	0.053612404	0.5372949	0.024843568	0.053702626	0.047899403	0.032492068	0.11435431	0.0838535	0.4289935	0.019641083	0.05653962	2.5181091957711033	0
17	26	test	0.13892202	0.070403606	0.1572207	0.03198747	0.004099442	0.01576202	0.025401628	0.0190672	0.0052382834	0.0020118612	0.04071767	0.04237134	0.009227796	0.029188238	0.080454014	0.026930131	-0.013411604	-0.0004984279	-0.0009148878	0.0027130088	0.013715416	0.19964457	0.193491	0.007058627	-0.05653815	-0.021933932	-0.012627933	0.0019558175	0.0020353606	0.065171726	-0.021335686	0.01513464	1.0726629640557803	0
14	18	test	0.097602196	0.023478748	0.18757755	0.016830338	-0.031900417	0.04146258	0.06331024	0.025910381	0.0080972705	-0.033190917	0.05669664	0.019060163	0.02638567	0.13843183	0.17075543	0.04733239	0.0015537112	-0.0021397239	0.0564859	-0.045763675	-0.025297692	0.142984	0.22686592	0.01814551	0.0010915331	0.013103569	0.015663687	0.017557641	0.009100601	0.015568582	0.025511395	-0.0050618513	1.32320920471102	0
