mS#id	mS#node	C#n2v-0	C#n2v-1	C#n2v-2	C#n2v-3	C#n2v-4	C#n2v-5	C#n2v-6	C#n2v-7	C#n2v-8	C#n2v-9	C#n2v-10	C#n2v-11	C#n2v-12	C#n2v-13	C#n2v-14	C#n2v-15	C#n2v-16	C#n2v-17	C#n2v-18	C#n2v-19	C#n2v-20	C#n2v-21	C#n2v-22	C#n2v-23	C#n2v-24	C#n2v-25	C#n2v-26	C#n2v-27	C#n2v-28	C#n2v-29	C#n2v-30	C#n2v-31	cD#class
1	Brigham Young	-0.64056283	-0.27793026	0.35671797	-0.37587234	-0.12329109	-0.7290467	0.19578703	-0.06847069	0.3109874	0.10221381	0.82223535	0.020551184	0.51349014	-0.2503237	-0.18619974	0.17058335	0.30158174	0.14632456	0.40433213	-0.06887042	-0.110913046	0.34697366	0.48481724	0.18981145	-0.036767557	0.3814428	-0.25995523	0.21032289	0.5339537	0.1325862	-0.06352479	0.43983862	8
2	Florida State	-0.6524634	-0.31471655	0.39916697	-0.016199932	-0.53947484	-0.0850422	0.3798038	0.28174078	0.08482262	-0.14453927	0.57279044	-0.07421774	-0.28587994	-0.13838515	-0.40001342	-0.07495267	0.52384526	0.27271456	-0.27875766	-0.4856646	0.5732845	0.02695028	0.31911346	0.80561835	-0.24822837	0.09461557	0.10378011	0.17244016	-0.018263428	-0.16316377	0.12433407	0.54302657	1
3	Iowa	-0.1697834	-0.38843846	0.14636348	-0.11611219	-0.38435015	0.07666623	0.37620935	0.50820833	-0.5976279	-0.4668881	-0.25351524	0.27537486	-0.02667948	-0.03331739	0.22098948	-0.090878375	0.12230629	0.5946528	-0.04516445	0.6764036	0.30278012	0.6800328	0.3344077	-0.19040638	0.1526818	-0.41469517	0.14117992	-0.008672214	0.22315405	-0.34885898	-0.24472609	0.40294537	3
4	Kansas State	0.08446532	-0.7228906	-0.105528735	0.12621312	-0.17287993	-0.23038088	0.7487937	0.257866	-0.24186257	0.29377937	0.2529083	0.24836308	0.046768013	0.34185305	0.26271072	-0.37741864	0.17577711	0.034043267	0.17728971	0.24687712	0.5936802	0.3331866	0.26017252	-0.20089655	0.46114856	-0.12088778	-0.2606357	-0.66638505	0.42619884	-0.3611286	-0.2591298	0.05922946	4
5	New Mexico	-0.39849806	-0.3335137	0.024242919	0.04548293	-0.1445818	-0.5409191	0.43724105	0.025796628	0.07353408	-0.04400609	0.8364083	-0.5659716	0.39955303	-0.33104149	0.23633902	0.13935564	0.05549762	0.36491948	0.6103928	0.0018383071	-0.085403435	0.57932	0.6465981	0.025183251	-0.12341504	0.438819	-0.22940637	0.08808151	0.37111038	0.18154363	-0.3078431	0.029354086	8
6	Texas Tech	0.015003156	-0.795252	-0.24682592	-0.45060205	-0.23117673	-0.22123085	0.56666076	0.29884627	0.13817787	0.32740763	0.22310011	-0.18245041	0.02775203	0.051165726	0.064870015	-0.15629801	-0.09192675	0.30301088	0.31402332	-0.13557112	0.36593208	0.4348028	0.54939604	-0.20413016	0.50986916	0.27738512	-0.4364609	-0.41217953	0.13031186	-0.30961418	-0.738753	0.3347499	4
7	Penn State	-0.28720504	-0.17765154	0.07352707	0.29003042	0.13523002	0.1712281	0.48905152	0.45828798	-0.46856597	-0.18459736	-0.24864127	-0.38853994	0.1778385	0.0612361	-0.1652455	-0.19878358	0.43615583	0.4220327	-0.4471508	0.71035975	0.05130606	0.46840945	0.42632487	-0.12692791	0.19717878	0.0012288949	0.23056726	0.056479707	0.18082924	-0.5736214	0.3168504	0.37143207	3
8	Southern California	-0.20936452	-0.412635	-0.0017375741	-0.008596769	0.029956082	-0.1242467	0.56266075	0.16112784	-0.42059729	-0.35369635	-0.039589867	-0.48233077	1.0791752	0.296432	0.1560502	0.19445245	0.029524695	-0.081379175	-0.3372724	0.22292684	0.13475208	0.4834823	0.34934	-0.017598843	-0.34966007	0.4546156	-0.041543536	-0.29135957	0.45757693	-0.2896467	-0.44388366	-0.15580744	9
9	Arizona State	-0.3202087	-0.51083213	-0.11004836	-0.06496663	0.24089362	-0.40431106	0.37100023	0.21905634	-0.1686434	-0.3555746	0.2133771	-0.52149564	1.2706873	-0.043063164	0.24885575	0.09734075	-0.14630522	0.37787846	-0.02679081	0.072610795	0.14461194	0.3925544	0.65768445	0.31078592	-0.043655813	0.26755184	-0.26373282	0.035730798	0.2443577	-0.22865105	-0.537016	0.21305981	9
10	San Diego State	-0.73410654	-0.49921924	0.012362769	-0.18884644	0.14049068	-0.32734507	0.28707552	-0.092240475	0.11873175	-0.2253082	0.5239981	-0.5093901	0.6731003	-0.04000696	0.24578907	0.33411273	-0.08270195	0.45747042	0.4337401	0.22726873	-0.18029368	0.59550035	0.49009928	0.06672612	0.07215629	0.5745714	-0.11848805	0.1422631	0.6131946	-0.22900414	0.05058983	0.20756774	8
11	Baylor	-0.0015225922	-0.6644184	-0.2485424	-0.16810714	-0.22681907	-0.47721076	0.5563994	0.2709352	0.103796355	-0.0672512	-0.039977416	0.24259336	-0.27534735	0.31241214	-0.04114044	-0.027196685	0.32665855	0.3481217	0.1427308	0.27006394	0.37332863	0.49010512	0.66598094	-0.4723792	0.3058584	-0.038605236	-0.43275493	-0.4211099	0.35652083	-0.29454446	-0.65879893	0.16313292	4
12	North Texas	0.22343796	-0.6709115	-0.08428546	-0.16857353	-0.36553952	-0.4076432	0.6772067	0.22748251	0.08311337	0.23294185	0.07791746	-0.30081505	0.07524124	-0.4331011	0.43669847	-0.32919213	0.124593064	0.004300632	0.38256547	-0.4823407	0.29184014	0.46222064	0.6042797	-0.15837479	0.5891674	0.31040022	-0.44189176	0.027191294	0.04830939	-0.07256267	-0.40763733	0.3323029	11
13	Northern Illinois	0.0062477984	-0.26332727	0.35428652	-0.26736236	-0.015121355	-0.09507693	0.13419916	0.16877513	-1.0100099	0.06064911	0.26705775	-0.20285627	-0.26742014	-0.049955193	0.2290396	0.14594722	0.2520171	-0.1796942	0.19594498	0.6876531	0.5534271	0.65177625	-0.14156806	0.40754366	-0.21250446	-0.32763967	-0.13696623	0.09104884	0.001469954	-0.568393	0.3233766	0.5201579	7
14	Northwestern	-0.13704537	-0.4736803	0.43775415	0.5053614	-0.27174208	-0.23451824	0.35099557	0.72967964	-0.60168225	-0.23293374	-0.3824306	-0.2339369	-0.2873251	-0.0035472214	0.039261043	0.18818386	0.3488619	0.5628177	-0.5010019	0.57671887	0.12730442	0.38302916	0.020580478	-0.22474194	0.08047893	0.12540014	0.1980763	0.45371228	0.1253319	-0.16521315	-0.0021919417	0.43353644	3
15	Western Michigan	0.31379405	-0.27460745	0.060492907	-0.066205256	-0.37504363	-0.32356116	0.38742486	0.35286924	-1.0456789	0.05361995	0.05128286	-0.21809258	-0.21980931	0.32825172	0.56703544	0.18388736	0.65922934	0.014152016	-0.023453563	0.74428976	0.01618091	0.50488997	0.1337498	0.3074352	-0.05011332	-0.2956326	-0.117345706	-0.033217438	0.09933692	-0.25083664	0.3278407	0.6077426	7
16	Wisconsin	0.06967329	-0.38077927	0.12614167	0.027439637	0.24703346	-0.03795027	0.25287753	0.13549529	-0.86997956	-0.14538226	-0.47517732	0.06167971	-0.010598141	-0.06669593	-0.161824	0.20261617	0.24515615	0.611311	-0.5513254	0.7393965	0.35764125	0.48212343	0.6408978	-0.11544565	0.14012393	0.12930669	-0.059906147	0.4069029	0.37346858	0.020717474	-0.023589686	0.26544896	3
17	Wyoming	-0.2270086	-0.28598902	-0.13750911	-0.4488335	-0.17671578	-0.47843134	0.43232	-0.32079098	-0.2667504	0.23838688	0.6955731	-0.4333072	0.19935916	0.36126748	0.13211983	0.12618157	0.14826247	0.1927801	0.5848886	0.08466205	-0.38420781	0.5052568	0.29470485	0.21372037	-0.16043325	0.33103383	-0.16826415	0.58137023	0.56866443	-0.5679638	-0.3328423	0.006654908	8
18	Auburn	-0.3258338	-0.3800664	0.8121715	0.026166525	0.20061244	-0.3598607	0.38462898	-0.23061122	-0.0023078718	0.3434607	-0.06927736	-0.16607395	-0.17977025	0.1056945	0.18504356	-0.18351449	0.5920994	-0.336597	0.62588423	0.15633515	0.47414201	-0.04178285	0.12484559	0.097805314	-0.359954	0.47097403	-0.36137992	0.4502201	0.27728397	-0.5375408	0.075711146	0.45541415	10
19	Akron	0.045696583	0.091389745	0.3432525	-0.39177945	-0.04265359	-0.34581086	0.25995556	0.10919238	-0.5561833	0.31965098	0.12571381	-0.14346759	-0.18402743	-0.059841875	0.48193383	0.1601124	0.80001116	-0.08215261	-0.23438379	0.575871	0.13558955	0.626319	0.050194405	0.52698237	-0.14998604	-0.04446806	-0.032000586	-0.2660014	-0.42789966	-0.51257056	0.15390533	0.66326416	7
20	Virginia Tech	-0.22379723	0.16953933	0.4895272	-0.38554388	0.0062780604	-0.1621213	0.36431998	0.46658903	-0.30173832	0.108516864	0.4953769	-0.17813714	-0.14771505	-0.42041788	0.07232953	0.3978391	0.3561137	-0.291541	-0.59501386	0.13150771	0.20780975	0.23713642	0.16439289	0.64728814	0.18830512	0.51260436	0.022461861	-0.5594847	0.0020027754	-0.27635834	0.4048636	0.58893245	2
21	Alabama	-0.5731617	-0.23854844	0.8845896	0.26253486	0.08473119	0.15755814	0.16885976	-0.022933407	-0.10243047	0.48672876	0.07004062	-0.32732752	0.19414169	0.14123169	0.27374732	0.04401599	0.20447375	-0.4593007	0.1577309	0.065725744	0.6651267	-0.054545317	0.109789096	0.3797757	-0.194747	0.43295595	-0.9545471	0.33241352	0.15041469	-0.57723844	-0.11728823	0.21586053	10
22	UCLA	-0.44422078	-0.51583177	-0.13370842	0.36712348	0.4520066	-0.0386605	0.504439	-0.15615308	-0.006202126	-0.39957255	-0.10341686	-0.69830495	0.76474637	0.005792108	0.25408882	0.3732172	0.17662616	-0.1997213	-0.3167955	0.37378946	0.41033417	0.13213344	0.46665403	0.16436787	-0.5034277	0.4381843	0.07390738	0.21818134	0.09888505	-0.37735224	-0.6790681	0.14772557	9
23	Arizona	-0.51200694	-0.3785002	0.008447297	0.105619505	0.24329393	-0.19997999	0.49949923	0.13629778	-0.40344077	-0.37844682	0.12686674	-0.7508569	1.0182807	-0.0999797	0.35209808	0.1697423	-0.026429877	0.47012076	-0.17739324	0.27173224	-0.022183225	0.21462682	0.84179765	-0.19292106	-0.38661903	0.30277094	-0.32719493	0.05121669	0.28488883	-0.30623084	-0.45323983	0.02855606	9
24	Utah	-0.5200722	-0.44563556	-0.011577259	-0.37182063	-0.02982806	-0.5031213	0.33683747	0.1316505	0.097345546	-0.036738966	0.6384346	-0.3788575	0.9090431	-0.04192193	0.0611014	0.17919838	-0.22378518	0.2978173	0.33583987	0.13124873	-0.03255038	0.47327384	0.6650361	0.2313642	-0.15801322	0.43360567	-0.20476055	0.3289801	0.4769211	0.022658916	-0.04866943	0.16554557	8
25	Arkansas State	0.20465125	-0.7883087	0.21045431	-0.024787275	0.1635553	-0.28547576	0.22976193	0.60350657	0.04501981	-0.08241721	0.47382644	0.1757466	-0.25642088	-0.28271553	0.43719807	-0.08109501	-0.043277383	-0.43703067	0.15263647	-0.54859406	0.3237441	0.23407298	0.96674854	0.13593833	0.033851128	0.067867376	-0.28626728	0.3382317	0.15856664	0.046779975	-0.41451067	0.2504791	11
26	North Carolina State	-0.5067864	-0.12377175	0.049918164	0.105736226	-0.3396356	-0.3270451	0.5661948	0.6353441	0.3079755	0.015482677	0.2982753	-0.08029129	-0.39664167	-0.14486228	-0.17837183	0.17990147	-0.008580177	0.15505318	-0.56912005	-0.39143613	0.6689872	0.68670934	0.056933418	0.3482351	-0.22661187	-0.30894327	-0.021340767	0.45095536	0.43247315	0.08049541	0.1705188	0.6407561	1
27	Ball State	0.41526848	-0.0916836	0.3527162	-0.33752328	-0.25720713	-0.28005555	0.8468572	-0.058737725	-0.6080825	0.25051478	-0.18952243	0.023066387	-0.37130684	-0.14240782	0.46664482	-0.021422464	0.58730185	0.15862359	0.45968285	0.651536	0.34786543	0.41344205	0.047036413	0.60420847	-0.2632992	-0.14704067	0.20243122	-0.028890647	-0.15009151	-0.3530642	0.1135138	0.5301335	7
28	Florida	-0.07575851	-0.50016636	1.0048828	0.07033999	-0.4582842	0.094948985	0.28522184	-0.22611272	0.06553776	0.35584608	0.21364544	-0.4227491	-0.21874836	0.09399178	0.15709755	-0.36876202	0.27160382	-0.1855023	0.24498935	0.23474896	0.5064682	0.14411423	0.05221329	0.4371855	-0.31324035	-0.31173208	-0.5994427	0.33695444	0.56727767	-0.13165063	0.120426364	0.524874	10
29	Boise State	0.18112099	-0.46612707	0.036984134	-0.40112853	0.16600211	-0.65582705	0.54185396	0.3152018	-0.25058904	0.4005623	0.23429772	-0.654994	0.21866451	-0.22671452	0.73811156	-0.23765673	-0.32713634	-0.21657325	0.23085791	-0.37277043	0.18974942	0.216096	0.596376	-0.14852741	-0.16692372	-0.068469554	-0.26966017	0.4800285	0.37384626	-0.41516858	-0.021871014	0.26121917	12
30	Boston College	0.44120815	0.19451046	0.61174107	-0.3644467	0.15483373	-0.16826782	0.5321724	0.43243796	-0.09862373	-0.21201202	0.4237575	-0.35822952	-0.11590261	-0.21539138	-0.06408237	0.20994061	0.32978988	0.0601919	-0.43412918	0.20336455	0.08305934	0.27862495	0.3014842	0.70394987	-0.017039206	0.4520213	0.3215092	-0.7298446	0.17620578	-0.24148597	0.13480097	0.27541497	2
31	West Virginia	0.24849927	-0.06177428	0.45188951	-0.17831524	-0.116516665	-0.26719347	0.52054876	0.5093999	-0.08461298	-0.18202864	0.43053705	-0.25149608	0.0063960776	-0.20293134	0.10964261	0.303023	0.12502569	-0.35562277	-0.57007605	-0.18081835	0.1749421	-0.005497173	0.5417743	0.6099826	0.22172068	0.5399743	0.17326133	-0.5766142	0.17128542	-0.3614595	0.3792392	0.37721926	2
32	Bowling Green State	0.06657772	0.065765895	0.06926451	-0.24430296	0.0072368905	-0.1300252	0.62407476	0.3639864	-0.4883018	0.26054642	0.08655411	-0.083827786	-0.027407413	0.15440828	0.19396558	0.098656826	0.64624006	-0.124121316	-0.4329354	0.8825732	-0.012271386	0.36661476	0.28765488	0.8543818	-0.16750512	-0.071933515	0.110051	-0.16219921	-0.100852616	-0.28059343	0.3851712	0.5728235	7
33	Michigan	0.025714487	-0.15743749	0.23690645	0.037269	0.15954679	0.24971667	0.31408238	0.5111685	-0.37326375	-0.45240194	-0.2003317	-0.09540524	0.5842255	0.2620633	0.18110749	-0.16288735	0.046461254	0.3429319	-0.5975508	0.903736	0.22581217	0.42663607	0.100562185	0.056146834	0.029276943	-0.16521268	-0.15269922	0.3731859	0.43042535	-0.3910464	0.12809819	0.527587	3
34	Virginia	-0.5044164	-0.35285413	0.47302768	-0.08818689	-0.5889888	-0.45964232	0.2212968	0.3442199	0.09529946	0.14377087	0.81448185	0.043699697	-0.35867673	-0.15254597	-0.34064612	0.11873663	0.26283547	0.088996686	-0.3511173	-0.4325449	0.47613347	0.3815245	0.18897636	0.5431479	-0.36364037	0.015540464	0.20194457	0.08326158	0.126114	-0.21485427	0.047191236	0.60438955	1
35	Buffalo	0.09147503	0.15276428	0.20755179	-0.31452903	-0.07137325	-0.43021485	0.6096796	0.05548898	-0.56027836	0.11105023	0.35499957	0.1479621	-0.24114013	0.071822576	0.47478327	0.09143694	0.65510005	0.059474457	-0.2983498	0.8284486	-0.006487055	0.22402744	0.16963914	0.76558065	0.056285158	-0.009779775	-0.16655639	-0.37551242	-0.20913124	-0.30740306	0.32649577	0.7497934	7
36	Syracuse	0.037427906	0.2862445	0.263614	-0.5608228	-0.0770387	-0.30553392	0.3549564	0.45250216	-0.19362131	0.06898209	0.6460237	-0.013157294	0.0025859128	-0.43191588	-0.01635881	0.043943375	0.29893896	-0.06150181	-0.5587391	0.20116268	-0.013266397	-0.1502569	0.5894764	0.7473425	-0.21035664	0.612347	0.044488534	-0.3475071	0.12439581	-0.46790567	0.2109662	0.39074838	2
37	Central Florida	-0.0835735	-0.050683483	0.35092428	-0.16136304	0.13195501	-0.3187165	-0.08222593	0.06536284	-0.44098642	0.50239736	0.2182922	-0.5770428	-0.24989903	-0.0047001387	-0.32751885	-0.1555827	0.71324795	-0.5677923	-0.24673136	0.28781274	0.73564714	0.5861479	-0.1830345	0.1566667	-0.3244104	0.17857222	0.19240822	-0.13004449	0.049900874	-0.8247054	0.027410831	0.46738246	6
38	Georgia Tech	-0.36792344	-0.50483114	0.65777254	-0.017353991	-0.20934561	-0.05553024	0.38461027	0.2667465	-0.06886901	0.07157584	0.4232647	-0.4028183	-0.68778676	-0.23039319	-0.19690664	0.5026022	0.5434043	-0.004791329	-0.41707778	-0.50191206	0.5722495	0.41153502	-0.2591376	0.5323509	-0.19315776	0.0179816	-0.026467727	0.13711396	0.29022458	0.004758144	0.09521013	0.57611567	1
39	Central Michigan	0.3064411	-0.4175929	0.041933157	0.09289338	0.114548884	-0.5806214	0.2990638	0.01815661	-0.98430336	0.389525	0.29690683	-0.12669398	0.04167079	-0.17134768	0.3047198	0.21589372	0.516257	0.15235038	0.28870937	0.6735756	0.23893031	0.37467346	0.35673758	0.4206336	0.040282663	0.019855926	-0.3407137	0.11324228	-0.27721906	-0.08935977	0.5521823	0.49960434	7
40	Purdue	0.021882633	-0.3206844	-0.0029741798	-0.33621842	-0.26000842	-0.053617254	0.311084	0.5447241	-0.77817	-0.7732751	-0.30957347	-0.31127664	0.013851456	0.23938778	0.16864783	0.18845755	0.4927637	0.3056384	-0.2864226	0.7968434	-0.07147738	0.34255633	0.20675758	-0.080132425	-0.22710937	-0.21983577	-0.1323591	0.061449245	0.29220387	-0.31262666	-0.007342345	0.5017368	3
41	Colorado	-0.2168152	-0.58769935	-0.15482658	-0.00020568141	-0.22946319	0.023944583	0.69853216	0.12354533	0.010508585	-0.052519433	0.30801404	0.21514545	0.5923848	0.29132223	0.22952305	0.28192618	0.23718172	0.5858634	0.3114761	0.13004732	0.35506684	0.3405073	0.30033085	0.10103502	0.3148934	0.06774624	-0.43684232	-0.56213343	0.17367047	-0.6085341	-0.91098565	0.0047101937	4
42	Colorado State	-0.65950596	-0.5383099	-0.181275	-0.27801713	-0.07227273	-0.49946204	0.6778779	0.02499323	-0.0842525	0.028820494	0.70218873	-0.25593784	0.52531695	0.16015606	0.079631805	0.19454929	0.09675023	0.15729208	0.35646504	0.2219612	-0.22239248	0.24530186	0.49156246	-0.07930327	0.01751985	0.69401515	-0.07548524	0.3961652	0.6511342	-0.20863286	-0.2375103	-0.102225445	8
43	Connecticut	0.42108077	0.028551722	0.3425485	-0.43583888	-0.22574228	-0.23169295	0.420055	-0.19245255	-0.46885592	0.29609546	0.31324154	-0.27012953	-0.35501826	-0.04193611	-0.05842289	-0.5113501	0.30835757	-0.033441275	-0.1574409	0.74429095	0.46969372	0.033344552	0.37169725	0.7924044	-0.009897089	0.14456335	-0.0934754	-0.2348838	0.08790582	-0.19010326	0.24255595	0.5392479	6
44	Eastern Michigan	0.40303886	-0.23668212	0.6832667	-0.10838107	-0.015280695	-0.07169645	0.49534953	0.02965106	-0.6031331	0.15643252	0.18727587	-0.3125223	-0.18943624	-0.014985944	0.71628195	0.17684913	0.7222487	-0.034756117	0.0025338777	0.5136129	0.18004444	0.22523502	-0.032026518	0.54306024	-0.056062944	-0.048141714	0.17163062	0.015483596	-0.09160131	-0.3514806	0.34925032	0.6311349	7
45	East Carolina	-0.050766934	0.3704234	0.85252964	-0.09925889	0.12499425	-0.35165098	0.15422754	0.33302057	0.24419431	-0.28150517	0.53802866	0.064361714	-0.41523567	-0.28888702	-0.1120658	-0.14145109	-0.10818936	-0.010192467	-0.5553231	0.14602529	0.56096494	0.158138	0.4757064	0.42451134	-0.011589123	0.44797885	-0.18429898	-0.30533606	0.0073760627	-0.30175447	-0.42336804	0.47165206	5
46	Duke	-0.55956066	-0.51764905	0.23475999	-0.10239091	-0.43221474	0.10777916	0.25448486	0.48648494	0.22175498	-0.12695013	0.2826146	-0.11209746	-0.39910817	-0.17615685	-0.24735017	0.4513444	0.24891773	-0.21163161	-0.6111302	-0.086809024	0.61211604	0.45392147	0.14133152	0.40967587	-0.36159334	0.08986683	-0.20165148	0.08010708	0.08185739	0.054673288	0.36603516	0.6533189	1
47	Fresno State	-0.17189336	-0.32295632	0.057500027	0.11684177	0.4933106	0.28780302	0.4842985	0.5144297	-0.33760127	-0.101135716	0.22977518	0.15748799	0.43691567	0.2719344	0.3269163	-0.33655137	0.09973933	0.31144968	-0.5714333	-0.010208419	-0.07892339	0.9305659	0.027520468	-0.11706817	-0.3948799	0.55892646	-0.27024317	0.5779055	0.31889784	-0.01635078	-0.6363959	0.10133726	12
48	Ohio State	0.032504987	-0.5817395	-0.00795739	0.072119504	-0.10441346	-0.13157618	0.263876	0.020934468	-0.29356083	-0.53280187	-0.51374537	-0.20394741	0.5092226	0.3681287	0.017549915	0.27470794	0.34459442	0.08401118	-0.635363	0.9146373	-0.08139432	0.5486283	0.424025	0.15904795	0.33816138	0.0547972	0.0007392925	0.35402134	0.20219786	-0.43148613	-0.0038767778	0.41393772	3
49	Houston	-0.030203203	0.19869134	0.31381676	-0.064230606	0.07686375	0.32755837	0.40705034	0.5176525	0.5821014	-0.06913564	0.22627074	-0.2052689	-0.67824095	0.09053567	-0.07797302	-0.18064831	0.13739617	-0.15201804	-0.2652292	0.64815265	0.28844753	0.23372391	0.37543717	0.36329076	0.0012367015	0.74515814	-0.4330865	0.083760835	0.37449718	-0.14797528	-0.7430386	-0.019571505	5
50	Rice	0.06355173	-0.43467295	-0.20102084	0.25043535	0.48207703	0.31434897	0.6843148	-0.012357595	-0.19674104	-0.34876877	0.11329022	0.2943869	-0.094257325	0.2067194	0.050585665	-0.19137423	0.286733	0.08490509	-0.536033	0.10181072	0.09519073	0.6765721	0.19904214	0.13263433	-0.0813217	0.70662683	-0.42445925	0.34506726	0.42622063	0.16394296	-0.49368522	0.22084439	12
51	Idaho	-0.20226736	-0.11722114	0.009007724	-0.2308343	0.43333304	-0.57521427	0.53388566	0.40543172	-0.1698823	-0.053771585	0.17177235	-0.31383464	0.63391393	-0.5899645	0.6053371	-0.049347185	-0.07146502	-0.18633169	-0.0938962	-0.72092324	0.48024192	0.062787436	0.79877263	-0.040380336	-0.092917874	-0.01152562	-0.2833861	-0.124618255	0.5247833	-0.1512427	-0.52126795	0.3764964	11
52	Washington	-0.41920763	-0.31410316	-0.13816619	0.19300184	-0.18258426	-0.27208522	0.5581361	0.42610028	-0.23715414	-0.044805925	0.2793844	-0.5669167	1.1266396	-0.09336155	0.23984651	0.2793553	-0.025549443	-0.44026446	-0.4012707	0.20860495	0.36672476	0.20969148	0.69497484	0.116693236	0.0023505518	0.5380916	0.08276633	-0.09735263	0.2533176	-0.26748678	-0.37349018	-0.18853343	9
53	Kansas	0.09433846	-0.58294713	-0.23918374	0.011156833	-0.39480346	-0.04494891	0.94040674	0.0064910264	0.019848034	-0.16278014	0.23649171	0.3855608	-0.049438816	0.009983174	-0.004378342	-0.30167896	-0.1283556	0.16470471	0.07173875	0.4396014	0.6585983	0.60872996	0.4650241	-0.02299484	0.032682646	0.17592436	-0.31766826	-0.40855625	0.12678567	-0.25499743	-0.59362125	-0.2820126	4
54	Southern Methodist	0.061465	-0.7563662	0.22241531	0.10484337	0.4002975	0.1763488	0.45150417	0.26857	0.14718425	-0.3322644	0.20513548	0.36238158	-0.16943415	0.39472353	0.06635972	-0.09708099	0.1943726	0.21088597	-0.559696	-0.28862268	0.07769633	0.67801887	0.21883863	0.24939567	-0.074114196	0.8007129	-0.31239763	0.4473974	0.13846262	0.060645636	-0.6870734	0.06529478	12
55	Kent	0.29656643	-0.09822924	0.24834113	-0.42475852	-0.047544822	-0.34032395	0.37470454	0.2639951	-0.6700155	0.20703313	0.10404387	0.06956499	-0.09582542	-0.10824706	0.22315994	0.30144134	0.7772845	0.0431218	-0.43609655	0.7629554	0.005694967	0.5540803	0.2821727	0.35795832	0.11163971	-0.2635993	-0.1917674	0.0674014	-0.023196597	-0.5026962	0.46005708	0.45717016	7
56	Pittsburgh	0.12513146	0.16263963	0.25743002	-0.23519042	-0.17450112	-0.2953717	0.34590924	0.19354701	-0.5535041	-0.36695343	0.43148267	0.038847826	0.18662724	-0.13996927	0.15528992	0.14665882	0.53775686	-0.1712643	-0.77591676	0.16745049	0.26160988	0.08707802	0.052570004	0.7246409	0.06902588	0.28702202	0.19816338	-0.5591268	0.28724587	-0.14626986	0.18220088	0.8450998	2
57	Kentucky	-0.3656978	-0.069844685	0.84689766	0.02950186	-0.18238065	-0.1313265	0.3555822	-0.054342527	0.33816594	-0.010546188	-0.13531725	-0.28921765	-0.3718144	0.09179971	-0.02620789	-0.21871044	0.25931314	0.02385088	0.30476683	0.3075131	0.8067338	-0.14380689	0.41802227	0.3876168	-0.23585159	-0.0021861386	-0.76223814	0.57012564	0.32947624	-0.1396181	0.00665508	0.6123743	10
58	Louisville	0.34819165	0.031907305	0.82792205	-0.030624676	-0.21529515	-0.026355824	0.3053418	-0.06779059	0.50647885	0.0443447	0.250881	-0.0488303	-0.660796	-0.3133001	-0.113767155	0.08250367	-0.046301868	0.09550448	-0.4944538	0.47132185	0.24462612	0.56020814	0.4899794	0.40737385	-0.3113701	0.39405015	-0.60726273	-0.20199232	0.17372996	-0.10830965	-0.2076386	0.13815698	5
59	Louisiana Tech	-0.17047784	0.062258445	0.24950771	-0.102343164	-0.35242644	0.47864413	0.16223922	-0.14601643	-0.46887574	0.0671246	-0.26074356	-0.04138257	-0.07333025	-0.34001127	0.24902408	-0.58523595	0.447688	-0.22295699	-0.12850447	-0.114720784	0.22670329	0.8303351	-0.13013925	0.38597474	0.24658078	0.6455491	0.14372727	-0.15005802	0.5904815	-0.45458052	-0.5474512	0.36523664	12
60	Louisiana Monroe	-0.48308766	-0.2926184	0.7400413	-0.11731844	0.0088067865	0.12792331	0.081815794	-0.10510576	-0.45351142	0.29201496	-0.47297943	-0.42928714	-0.5845589	0.03248246	0.004039218	-0.6890792	0.38443187	-0.30108643	-0.13550791	0.028811019	0.21843033	0.42229378	0.38394997	0.09746989	0.19210733	0.11362658	-0.3305505	-0.0818005	0.04161731	-0.51117814	-0.49120438	0.5296036	11
61	Minnesota	-0.11196832	-0.2717826	-0.088157386	-0.020611158	-0.23580532	0.24586359	-0.1344735	0.3481771	-0.34247178	-0.3739784	-0.47290188	-0.22596376	0.056118414	0.049806602	0.3494376	-0.05168971	0.45590967	0.3466141	-0.2248529	0.65125227	0.27833953	0.8312401	0.35991752	-0.056462064	0.2322055	-0.072781056	-0.42453435	-0.058885384	0.26318914	-0.42040488	0.14233935	0.49569148	3
62	Miami Ohio	0.26007587	0.012564999	0.33612105	-0.37760544	-0.12045141	-0.11360329	0.26127574	0.10342141	-0.65208346	0.45053068	0.08155902	0.17885917	-0.038419858	0.39944053	0.40713364	-0.03862848	0.63895774	0.11116064	-0.50591874	0.77400994	0.18480942	0.19260265	0.32563382	0.59602404	-0.47068784	-0.10996205	-0.5633904	-0.01863389	-0.09544269	-0.14339148	0.2809734	0.57306296	7
63	Vanderbilt	-0.23409007	-0.18712224	1.0046005	0.13780108	-0.17048869	-0.21029177	0.34934843	-0.07492599	0.15143234	0.15641555	0.17035459	-0.061511632	-0.4417551	0.034740545	0.19446035	0.09803114	0.58210534	-0.1693457	0.1296849	0.089647636	0.4988276	0.12120852	0.15633745	0.59895724	-0.4031987	-0.40304494	-0.21443675	0.6792154	0.21248402	-0.62367254	-0.2256409	0.34066036	10
64	Middle Tennessee State	-0.17106745	-0.2598427	0.7822836	-0.110361196	-0.1853444	0.19508035	0.25638336	-0.33673003	0.35028204	-0.2961604	-0.28315914	-0.07823967	-0.07298728	-0.4139292	-0.11058443	-0.7195715	0.57150316	-0.082206234	0.08046103	-0.013814877	0.37092912	0.7507539	0.43694344	0.012272453	-0.12791164	0.18710665	-0.07159697	-0.27497137	0.41397998	-0.36583325	0.39448386	0.5637633	11
65	Illinois	-0.46692246	-0.54040396	0.0014248568	0.066476405	-0.36348498	0.07414865	0.31141073	0.20648946	-0.5972644	-0.33782646	-0.47939	-0.5269556	0.37415025	0.0006903473	-0.24889793	-0.42453724	0.10035953	0.6709812	-0.2459433	0.7533087	-0.012918142	0.37876344	0.38458866	0.09544994	-0.036279295	0.0709863	0.09720325	0.24598335	0.24556857	-0.094155565	0.0075733378	0.6036434	3
66	Mississippi State	-0.53171426	-0.3464898	0.81511503	0.07679239	-0.2936064	0.059615225	0.058440484	-0.22930506	0.29027078	0.25206435	0.22564787	-0.429927	-0.33118358	-0.07129186	0.29010212	-0.39039308	0.10087571	0.0808152	0.37430403	0.15236983	0.23025708	-0.0113467565	0.51648253	0.6226168	-0.19417349	0.12875655	-0.44679126	0.4018104	0.29614413	-0.69367176	-0.078758284	0.36508307	10
67	Memphis	0.15728714	0.24793379	0.5727461	-0.31022066	-0.020249214	-0.31059512	-0.088851854	0.23202276	0.33101135	-0.054069534	-0.06713308	-0.11074253	-0.5337918	-0.28753212	0.17544243	-0.19580139	0.007507533	-0.09002311	-0.26924485	0.18173535	0.5488905	0.3057637	0.48655733	0.23080994	-0.16138636	0.6901294	-0.64298713	0.095021844	0.45751438	-0.12750006	-0.32943073	0.38034153	5
68	Nevada	-0.18354924	-0.58500344	-0.24070603	0.28064492	0.50425	-0.18123105	0.42094564	0.06258811	-0.34511465	-0.2055522	0.5251748	0.1891752	0.34991783	0.23767082	0.093720466	-0.20450233	0.15643603	0.32869586	0.051578246	0.03134995	0.07913643	0.9746077	0.008462961	0.21186973	-0.046116106	0.8392856	-0.19881983	0.42461655	0.46470156	0.049454927	-0.46139205	0.083057135	12
69	Oregon	-0.19426881	-0.3687822	0.009807643	0.2968337	0.02162989	-0.12588088	0.38941365	0.35060737	-0.24137582	-0.39374733	0.25489748	-0.69491595	0.8988304	0.11898731	0.5510198	0.10226719	-0.22890715	-0.0930167	-0.2590329	0.09311275	-0.11942283	0.42151	0.8394624	-0.00835514	0.037135895	0.4203673	0.13163835	0.3755131	0.24138755	-0.43476626	-0.47883552	0.15599911	9
70	New Mexico State	0.5378621	-0.39542413	-0.16794163	0.049713288	0.30628386	-0.71161354	0.1746379	0.22965351	0.33283904	0.32461184	0.22140664	-0.2519418	-0.031786263	-0.31652623	0.31763273	-0.12168088	0.24131154	0.10707765	0.00785053	-0.42894277	0.3470257	0.13878872	0.4509083	0.49430972	0.13291022	0.33304402	-0.22389324	0.56308395	0.6908091	-0.20902698	-0.5497603	0.27574942	11
71	South Carolina	0.06212853	-0.22044197	0.71392965	-0.09350053	-0.21631064	-0.16708839	0.44196585	-0.19259317	0.1578972	0.5677316	-0.06559581	-0.28791675	-0.13265	0.060977954	0.02084983	-0.0661203	0.35805088	-0.39862278	0.19200064	-0.013019108	0.6973938	0.2668811	0.30667463	0.3733574	-0.6546269	-0.12940867	-0.37808207	0.47266582	0.38167706	-0.30185437	-0.12970528	0.4442911	10
72	Ohio	-0.0052362443	-0.20493515	0.15391791	-0.5174645	-0.09146988	-0.5308926	0.42850173	0.1807587	-0.71517444	0.14813815	0.10454867	0.24303997	-0.33404735	0.010669779	0.19656004	0.077115424	1.0222807	0.06174682	-0.17156167	0.80182797	-0.2199101	0.4112261	0.28701577	0.3616284	-0.07451287	-0.4086346	-0.10630714	-0.032032657	-0.22894634	-0.5711575	-0.14305255	0.21083705	7
73	Iowa State	-0.15069629	-0.5452849	-0.16179304	-0.23644808	-0.69642514	-0.35497668	0.7592195	0.13100655	-0.21461087	0.07220218	0.07638046	0.26911557	0.060264185	0.67520523	0.2191574	0.05611817	0.19383799	0.5420388	0.14849815	0.28874588	0.039530363	0.5285297	0.3316672	-0.23960969	0.45510617	0.15683268	-0.5655957	-0.31389007	0.040593598	-0.3461216	-0.40032417	0.1864085	4
74	San Jose State	-0.100682236	-0.45140746	-0.17354664	0.33666095	0.4750592	0.36461338	0.79348147	0.19026545	-0.20209423	-0.11368338	0.49535453	-0.06683891	0.09908299	0.30999854	0.12453201	-0.00080136105	0.016179798	0.326606	-0.37876594	-0.16576974	0.17676857	0.8293838	0.14497729	-0.013297559	0.1710421	0.7885879	-0.09449929	0.14718038	0.26638174	-0.054679833	-0.6772307	0.13044329	12
75	Nebraska	0.06238387	-0.9275589	-0.23308107	-0.016491149	-0.33871314	-0.30900186	1.0296739	0.3464918	-0.22735429	-0.3989376	-0.0039951266	0.27514696	0.06487606	0.067602284	0.107405916	-0.22451806	0.18290155	0.1812682	-0.08305617	0.13103667	0.338077	0.4007052	0.24081148	-0.12554379	0.35500976	0.30173638	-0.36022568	-0.53045416	0.18497819	-0.24265765	-0.3600648	-0.25026187	4
76	Southern Mississippi	-0.15273131	0.3281282	0.60481864	-0.25191423	0.046948582	-0.039486118	0.15924455	0.14461151	0.48664165	-0.013448254	0.07018591	-0.12038869	-0.54064924	0.09958454	0.21017073	-0.10186493	0.106039405	0.103337765	-0.2635929	0.5356192	0.702773	0.16322897	0.49821836	0.22358334	-0.29685766	0.45516813	-0.4528826	-0.22631761	0.028870074	-0.38354084	-0.95559734	0.05884483	5
77	Tennessee	0.0066840365	-0.34335023	0.7787791	-0.039613627	-0.060096264	-0.002070639	-0.0010232246	-0.12227644	0.23085944	0.2984157	-0.14998314	-0.45435664	-0.39070606	-0.09361587	0.09876576	-0.103049174	0.4423552	-0.37570426	-0.04126496	-0.06237499	0.5088954	-0.023430062	0.41748908	0.23566793	-0.37213355	0.29788774	-0.93375295	0.32634857	0.33194435	-0.5794692	-0.20930426	0.50059515	10
78	Stanford	-0.01756957	-0.5309323	-0.09731633	-0.00019685445	0.10741698	0.040552218	0.59039825	0.38581616	0.06329743	-0.38978234	0.09738485	-0.77395785	0.8591144	0.17290673	0.18564534	0.1957767	-0.01985458	0.122352846	-0.20983921	0.20092301	0.19368367	0.39164332	0.56884015	-0.12451786	-0.37878338	0.67247343	-0.04320629	-0.2690619	0.43610096	-0.26928744	-0.48710063	-0.17861722	9
79	Washington State	-0.14752641	-0.46652412	-0.17906399	0.31243026	0.14420755	-0.24943411	0.41039577	0.07997063	-0.20560777	-0.080093205	0.024388077	-0.90554816	0.9521834	-0.3150847	0.4426917	0.28762272	-0.07067003	0.088937566	-0.215062	0.030680181	0.045718905	0.38288537	0.93110144	0.050163202	0.09193848	0.3957075	-0.055903986	0.008326557	0.27463165	-0.23872854	-0.507391	0.22390112	9
80	Temple	0.25307792	0.32668242	0.42998978	-0.22391029	-0.111414544	-0.014843773	0.71371835	0.20923539	-0.4455863	-0.25434658	0.6201592	-0.21320508	-0.0622654	-0.21475402	-0.032674458	0.2395015	0.41929016	-0.16934001	-0.47313038	0.18515602	0.41391394	0.011632669	0.33443716	0.7747222	-0.0052960482	0.12531583	0.32938507	-0.41444132	0.45804882	-0.29715946	0.45144773	0.4630929	2
81	Navy	0.16454028	-0.28262502	0.6860025	-0.18678102	0.21541579	-0.33297944	0.2688361	0.4891994	-0.29632145	-0.27122244	0.49624717	-0.3136909	-0.5109447	0.5997098	-0.16603968	0.4355507	-0.11096752	0.2096216	-0.025008038	-0.0637721	0.3781318	0.23221566	0.23820433	0.72913283	-0.09460036	0.7383017	0.23947847	-0.20021138	0.24067286	0.02627491	0.31620675	0.039375942	6
82	Texas A&M	0.11083543	-0.630543	-0.46341613	-0.26443794	-0.12565371	-0.35900247	0.7576746	0.35741842	0.11011637	-0.22877392	0.25420713	0.24009599	0.057355616	0.09333627	0.2494885	-0.1243971	0.57440376	0.24634768	0.37567374	0.3126033	0.52523357	0.5525538	0.051083077	-0.2145755	0.054916345	0.5338818	-0.26737177	-0.29057887	0.18608488	-0.33422416	-0.35498455	-0.15615393	4
83	Notre Dame	-0.028916072	0.06397713	0.027920738	-0.11898773	-0.015687276	-0.0671236	0.49611962	0.53191614	-0.4919187	-0.36557963	0.5147504	-0.69410735	0.0076673646	-0.027716406	0.01904901	0.6251859	0.21765913	0.616816	-0.23027232	0.16120529	0.16714646	0.2293441	0.22404006	0.120103925	0.36165315	0.212003	-0.1589112	-0.6272038	0.23604788	-0.16753107	-0.16078492	0.005395566	6
84	Texas ElPaso	0.17175739	-0.38226065	-0.23663127	0.2698077	0.43783593	0.21492964	0.76838017	0.28408775	-0.07367674	0.035232797	0.44966298	0.08378054	-0.15251034	0.36353472	0.17905264	-0.07978485	0.35511547	0.008000107	-0.2787606	-0.0818445	-0.057761274	0.92210865	0.35393003	-0.16615735	-0.0071858587	0.5717575	-0.27370912	0.31767708	0.34265405	0.1847837	-0.67970943	0.17511992	12
85	Oklahoma	0.30366272	-0.4506932	-0.28027695	-0.05965237	0.00071168295	-0.26180312	0.93821543	0.580173	0.15853366	0.054203883	-0.06944726	0.1591422	-0.16551332	0.07833421	0.4105241	-0.29491562	0.19634916	0.37289596	0.03848148	0.17781614	0.34019572	0.5047203	0.032866742	-0.26607636	0.38284498	0.34731674	-0.5144362	-0.049355544	0.24064593	-0.33557007	-0.80678123	0.12067226	4
86	Toledo	0.37444553	-0.18194973	0.2914216	-0.34626028	0.0092003355	-0.21959978	0.54548204	0.13527788	-0.9079765	0.030687705	0.045147453	-0.34460208	-0.27483225	-0.07045481	0.4184377	0.17306288	0.62442434	0.08615112	0.023300394	0.73444027	0.11023143	0.25313336	-0.1494047	0.536777	-0.15718246	-0.16134924	-0.010187749	-0.031142294	0.35909733	0.048338056	0.24158834	0.61496806	7
87	Tulane	0.1082068	0.012643423	0.50103366	-0.22872432	0.0778237	0.14817743	0.28179777	0.09959118	0.024422558	-0.31355533	0.4308243	-0.23125543	-0.80567676	-0.52431196	-0.15977134	-0.3110153	0.022117265	-0.13616206	-0.3431718	0.4056979	0.34120244	0.21478318	0.3150407	0.31539926	-0.1958577	0.6134474	-0.50911397	0.044322014	0.37439576	-0.09071948	-0.55531985	0.015370817	5
88	Mississippi	-0.0718804	-0.2781088	0.8499084	-0.15868662	-0.16850832	-0.28110558	0.215221	-0.08861486	0.2952108	0.34928343	-0.23421824	-0.40423164	-0.43069696	0.10496093	0.52429336	-0.04314305	0.09192306	-0.18925573	0.4261942	-0.044389527	0.3817991	0.3893895	0.15684761	0.4497914	-0.39842272	0.4475276	-0.5945533	0.6610072	0.46873292	-0.21515022	-0.035915334	0.28715238	10
89	Tulsa	0.06575591	-0.35288587	-0.26889554	0.17627601	0.37453973	0.24264158	0.53961617	0.1840081	0.16036572	0.021095619	0.51798236	-0.092116386	-0.0824747	0.6035451	0.074224025	-0.55943894	0.487464	0.02881561	-0.41021794	-0.3672602	0.25558573	0.8742337	0.1873778	-0.06322433	-0.04027603	0.5115037	0.016195603	0.3073202	0.22317275	0.034929927	-0.57268554	0.57756275	12
90	North Carolina	-0.38781476	-0.24586529	0.3164249	-0.07062184	-0.21748677	-0.30184487	0.49954578	0.61452585	0.08175733	0.42822766	0.2989527	0.1761423	-0.3571516	0.0297518	-0.27731967	0.21016863	0.5646548	0.17780143	-0.7338447	-0.36398315	0.059563234	0.5653263	0.080768414	0.76602983	-0.22865129	-0.25740954	0.1316229	0.22846045	0.34638757	-0.07268681	0.120130494	0.52251107	1
91	Utah State	-0.28901255	-0.46415973	-0.077339254	0.18296395	-0.043883137	-0.5798056	0.7887051	0.2535875	0.22309738	0.19654621	0.6143943	-0.19759661	0.19013137	-0.5298758	0.7544414	0.018785603	-0.04755671	-0.176696	0.16716132	-0.34656742	-0.00096891564	0.28916064	0.9236182	-0.23015848	0.17366186	-0.017125564	-0.255061	0.1499695	0.39301318	-0.03506492	-0.2352029	0.14494814	6
92	Army	0.21741456	0.23584531	0.42466548	-0.43043488	0.1691748	-0.050767686	0.36898914	-0.06768933	-0.03672723	-0.31771955	0.5241775	-0.39807457	-0.6134369	-0.10084848	-0.16861604	-0.05768039	-0.2508598	0.2286491	-0.2039228	0.22929649	0.4693535	0.23656397	0.73768437	0.38493252	-0.22139432	0.54862416	-0.48592752	-0.15385948	0.12088241	0.19311965	-0.20503552	0.24857189	5
93	Cincinnati	0.03588615	0.2828612	0.67237985	-0.07834334	0.113191426	-0.33074227	0.24159084	-0.021000264	0.025160853	-0.53470296	-0.10584067	0.029923834	-0.5611295	0.038377658	0.10155467	0.117776394	-0.35967425	0.026164241	-0.39849803	0.8666177	0.2886202	0.2553164	0.6972723	0.4686344	0.3395846	0.28016204	-0.52015054	0.098813795	0.077044636	-0.053505052	-0.17934595	0.51363975	5
94	Air Force	-0.11186333	-0.5377083	0.017081536	-0.43913203	0.117253914	-0.43396348	0.38805303	-0.04219426	-0.008436309	-0.32891175	0.610132	-0.41879162	0.1951444	-0.13426189	-0.16585648	0.34729177	0.04660201	0.54579526	0.38907894	-0.015394518	-0.24612184	0.13455203	0.4638266	0.40664175	-0.24424826	0.820401	-0.3573183	0.032153297	0.8133905	-0.0111586135	0.040956024	-0.010750763	8
95	Rutgers	0.20809719	0.08395111	0.39913574	-0.61825955	0.14103368	-0.34306473	0.801585	0.60698205	-0.34633607	-0.1524443	0.4631189	-0.052008107	-0.009305697	-0.10112723	0.05411569	0.31739548	0.44007164	-0.050503153	-0.4198419	0.12870766	0.16713771	-0.047669858	0.14060794	0.72470784	0.02858337	0.3914351	0.28218758	-0.670564	0.24484135	-0.31207848	0.22040091	0.24075888	2
96	Georgia	-0.21890981	-0.15425415	0.7685704	0.028318377	-0.1720177	-0.10671987	0.25017658	0.12920874	0.021263478	0.19498897	0.13460623	-0.41308784	-0.38670647	0.13653526	0.29360524	-0.1969235	0.25952953	-0.36995888	0.1955488	-0.29185015	0.54010636	0.20841357	0.3791476	0.51676524	-0.54679346	-0.21077256	-0.5700267	0.50230163	0.3847765	-0.28149801	-0.059167847	0.42062032	10
97	Louisiana State	-0.15986009	-0.11519294	1.0765982	0.090060234	-0.17066333	0.089593895	0.21122245	-0.25190037	0.16794759	-0.06100145	-0.09872635	-0.044839736	-0.3259957	-0.23080282	0.14255531	-0.40111092	0.028417498	-0.100759074	0.35116512	0.16451612	0.7419239	0.37637684	0.47265172	0.26065373	-0.6387771	0.32538038	-0.57871747	0.2763292	0.30873987	-0.6191714	-0.20662674	0.10524203	10
98	Louisiana Lafayette	-0.07119754	-0.46285677	0.10189482	-0.070053965	-0.1473098	-0.2099792	-0.0010536883	0.01858515	0.40083832	0.4108821	-0.22510673	-0.30676368	-0.34574404	0.08112771	0.25377482	-0.7783218	0.2064886	-0.11082818	0.03408995	-0.018453335	0.6488858	0.6503443	0.84387594	-0.0058058025	0.12062937	0.44014817	-0.123526834	-0.8448101	0.4758282	-0.2943798	-0.23349847	0.034676988	11
99	Texas	-0.17535585	-0.5476463	0.06470783	-0.13491872	-0.0798073	-0.0790095	0.7755842	-0.052453894	0.07799258	-0.15929735	0.23672856	-0.115260884	-0.013506942	-0.038628038	0.06830664	-0.10560459	0.0506798	0.2720011	-0.13597268	0.06232956	0.51337576	0.47431204	0.29566333	-0.26412612	0.29697582	0.19410667	-0.8843986	-0.6534258	-0.06188862	-0.46685174	-0.8017998	-0.20949425	4
100	Marshall	0.13726462	-0.22045627	0.22328043	-0.5152255	-0.3355768	-0.36024806	0.3078473	0.15999727	-0.59847367	-0.019244187	0.2641772	0.26549256	0.042051475	0.15480393	0.36487734	0.29941308	0.6285221	0.16160339	-0.62995136	0.7402137	0.22719412	0.5942434	0.07426931	0.4495859	-0.17491226	-0.093800336	-0.040939156	0.3015978	-0.38548815	-0.47601137	0.5449365	0.48295057	7
101	Michigan State	-0.32635552	-0.66393685	-0.21324605	-0.05046553	0.04537999	0.16702841	0.4473919	0.64264685	-0.4089369	-0.5405022	-0.40466887	-0.1251785	-0.035072837	0.529582	0.044045832	0.036023416	0.42425746	0.52163804	-0.37202704	0.73216206	-0.07918547	0.33498195	0.42067146	0.27894512	0.06040352	-0.33907014	-0.03807891	-0.2687825	0.4287778	-0.053537782	0.029157432	0.46592847	3
102	Miami Florida	-0.004829171	0.108281195	0.59140164	-0.15478483	0.20278792	-0.31119984	0.45647675	0.113961995	-0.07603656	-0.024588741	0.5499696	-0.226304	0.34275493	-0.16116627	-0.089845955	0.032058295	0.30615336	-0.275289	-0.6538667	-0.14178327	0.13188355	0.1258955	0.2453986	0.41680217	0.06506806	0.21450467	0.30476958	-0.7150158	0.4606974	-0.4903194	0.15728179	0.5670112	2
103	Missouri	-0.030347744	-0.6348163	-0.02303717	-0.25217608	-0.85094863	-0.008601057	0.66076696	0.616439	0.2181683	0.050812498	0.09691773	0.4724842	0.11725663	0.26748767	0.14566334	0.10239917	0.2750661	0.538571	-0.07397999	0.27425778	0.6930558	0.587581	0.18447562	-0.17257549	0.14977242	0.048582397	-0.20777749	-0.3622383	0.005728413	-0.32185403	-0.45146632	-0.10531067	4
104	Clemson	-0.64235914	-0.502761	0.2558955	0.07163014	-0.5006983	-0.037847716	0.4765591	0.34188628	0.310667	-0.057224985	0.7136545	-0.14730479	-0.5873345	-0.056740507	-0.2650033	0.16655706	0.80267113	0.0087729795	-0.32422104	-0.38479477	0.5723724	0.21536466	0.010381477	0.45178798	-0.14458843	-0.42138174	-0.22391191	-0.07205174	0.257515	-0.16889073	-0.16297887	0.26701006	1
105	Nevada Las Vegas	-0.5451117	-0.55324036	-0.020718088	-0.29120246	0.08254847	-0.35639274	0.38331765	0.05048286	-0.16732116	0.10885672	0.62662923	0.15049669	0.18021028	-0.073195726	0.104033194	-0.05552217	0.12181356	0.30844712	0.6351425	0.005278637	-0.13714617	0.25159973	0.62594265	-0.008923503	-0.16222173	0.5115435	-0.12787768	0.38688207	0.86718535	-0.3054318	-0.21498984	-0.040697664	8
106	Wake Forest	-0.53120404	-0.3657118	0.4582089	-0.2282406	-0.5732831	-0.1141068	0.4885526	0.41681474	0.18894581	-0.05099403	0.3525159	-0.16843656	-0.56872976	0.09369257	-0.29707688	0.3467352	0.52846	0.1749946	-0.5437607	-0.3143562	0.32210532	0.41430473	-0.06286511	0.64918005	-0.46288264	-0.05233149	-0.19023572	0.24594186	0.29888803	0.12626852	0.2352074	0.5221134	1
107	Indiana	-0.031305615	-0.7721712	0.561095	0.19621466	-0.3300582	0.24958418	-0.05509072	0.37007686	-0.35771364	-0.4995909	-0.3761904	-0.04666496	-0.120652586	-0.20819947	-0.1419971	0.15420964	0.41993472	0.29676303	-0.44117796	0.7527369	0.038599852	0.20220116	0.49618304	-0.041934215	-0.19233094	-0.11342099	-0.26616442	0.2323039	0.36494473	0.054989718	-0.004608303	0.6107105	3
108	Oklahoma State	-0.02709811	-0.67317045	-0.25602204	-0.01503832	-0.36880988	-0.16805612	0.78090715	0.20439413	0.23276834	-0.052433006	0.10410249	0.33380586	-0.15689185	0.058848538	0.08961598	0.094010994	0.3874241	-0.102910064	-0.18885994	0.19391914	0.3378677	0.52382696	0.09709581	-0.23518422	0.35869545	0.35202503	-0.82986313	-0.29056546	0.35237148	-0.36654827	-0.81088686	-0.1776474	4
109	Oregon State	-0.45729187	-0.46076	-0.10044071	-0.042819876	0.33726308	-0.21175288	0.3551821	0.019954842	-0.2078797	-0.16720244	0.06579045	-0.74690753	1.2390448	-0.006509339	0.11857333	0.18116027	-0.22885762	0.2597945	-0.20696364	0.23434137	0.2042921	0.439069	0.5315383	0.1422032	-0.23535892	0.4553274	-0.2017846	0.109960735	0.2759878	-0.5650005	-0.32175133	0.107988976	9
110	Maryland	-0.39257905	-0.38712478	0.6383452	-0.124725714	-0.5996776	-0.28598052	0.344875	0.4752147	0.17046243	0.040474568	0.33690023	-0.3021795	-0.27852455	-0.11234602	-0.24642894	-0.062163174	0.24148278	0.096891604	-0.6339024	-0.4289967	0.4250662	0.21144316	-0.09736098	0.9169385	-0.10024915	0.024843229	0.15888938	-0.10941014	0.30539495	0.034487322	0.041486863	0.592105	1
111	Texas Christian	-0.02783706	-0.33914545	-0.46104217	-0.08485797	0.49375445	-0.02901573	0.767969	0.41336232	-0.27971235	-0.29947892	0.20447181	-0.096052326	-0.40648037	0.19880342	0.21755831	0.011702838	-0.06107534	0.19869706	-0.347349	-0.22127722	0.22075848	0.67884856	-0.14330207	0.09660289	-0.13934344	0.42909643	-0.17710778	0.47810745	0.71131855	0.068638876	-0.51939225	0.292477	5
112	California	-0.5611597	-0.4855495	-0.030284753	0.4562018	0.40817106	-0.16189225	0.6003946	-0.0144827515	-0.07820262	-0.37598217	0.04133659	-0.55223143	0.9386758	0.00600716	0.4712805	0.09810595	-0.053788837	0.29305974	-0.3505075	0.20271225	0.013989883	0.5124641	0.5724145	-0.16165824	-0.002943003	0.5040396	0.028503263	0.1121494	0.4217275	-0.29493025	-0.15956992	0.29703334	9
113	Alabama Birmingham	-0.12704648	-0.0720382	0.6793169	-0.15081166	-0.29232877	0.18743788	0.38602456	0.17233731	0.38334623	0.16840921	0.31302965	-0.18446212	-0.52712023	-0.30500066	-0.07134303	-0.49972945	0.019602664	0.17569147	-0.07008117	0.55312556	0.19707152	-0.09513205	0.59579563	0.38364285	0.2972694	0.44352612	-0.5099972	-0.2818849	0.32943308	-0.19808625	-0.5254328	0.107216105	5
114	Arkansas	-0.10406318	-0.22330064	0.78076917	0.13961901	0.031428754	-0.19156457	-0.32286903	-0.052090216	0.16724531	0.26691523	-0.03196998	-0.4717682	-0.011240173	-0.035725784	0.4296956	-0.33936515	0.4386643	-0.38660643	0.39453438	0.052203264	0.7010948	0.3957684	0.50136423	0.3027843	-0.26367086	0.0060349223	-0.5932162	0.55470425	0.37367743	-0.35839477	-0.23671548	0.44548848	10
115	Hawaii	-0.08042429	-0.27524593	-0.05669575	0.3198201	0.2774072	-0.1599388	0.5279631	0.030771928	-0.32075316	-0.40107375	0.39360297	-0.09194348	-0.23934712	0.42059812	0.100499235	-0.54525554	0.10972021	0.071907066	-0.3271609	-0.03335315	-0.25146714	1.0478481	-0.0050117224	0.047804467	0.25735238	0.69383484	-0.061193768	0.5113258	0.4634329	-0.11114073	-0.2501262	0.21720247	12
