mS#id1	mS#id2	mD#data	C#preferential	C#jaccard	C#adamic_adar	C#distance	D#flpa	D#louvain	D#markov	D#sbm	cD#class
17	87	train	100	0.42857142857142855	2.8410538762359825	2	1	1	1	1	1
56	96	train	54	0.07142857142857142	0.4170323914242463	2	1	1	1	1	1
59	60	train	63	0.0	0	3	0	0	0	0	1
17	96	train	90	0.26666666666666666	1.7873448336039046	2	1	1	1	1	1
3	11	train	80	0.058823529411764705	0.45511961331341866	2	0	1	0	1	1
30	82	train	72	0.0625	0.5138983423697507	2	1	1	0	0	1
2	6	train	108	0.23529411764705882	1.723478878065163	2	1	1	1	1	1
80	91	train	56	0.07142857142857142	0.43429448190325176	2	0	0	0	0	1
29	79	train	90	0.35714285714285715	2.34428400010223	2	1	1	1	1	1
15	114	train	88	0.0	0	3	0	0	0	0	1
48	53	train	72	0.058823529411764705	0.45511961331341866	2	0	0	0	0	1
55	89	train	70	0.0	0	3	0	0	0	0	1
5	10	train	63	0.3333333333333333	1.783781792672743	2	1	1	1	1	1
30	35	train	64	0.45454545454545453	2.2927265328030915	2	1	1	1	1	1
25	33	train	63	0.23076923076923078	1.4499163026461572	2	1	1	1	1	1
24	87	train	90	0.0	0	3	0	0	0	0	1
51	78	train	81	0.5	2.8532287402325784	2	1	1	1	1	1
19	94	train	70	0.21428571428571427	1.3703124421796582	2	1	1	1	1	1
52	53	train	84	0.0	0	4	0	0	0	0	1
28	50	train	25	0.25	1.013230239864666	2	1	1	1	1	1
25	103	train	49	0.16666666666666666	0.9690179556831694	2	1	1	1	1	1
16	93	train	110	0.4	2.6964515185983062	2	1	1	1	1	1
87	113	train	90	0.35714285714285715	2.306330402456065	2	1	1	1	1	1
16	23	train	88	0.26666666666666666	1.7346548246723306	2	1	1	1	1	1
23	41	train	64	0.3333333333333333	1.670788869133589	2	1	1	1	1	1
7	82	train	72	0.0	0	3	0	0	0	0	1
67	83	train	100	0.25	1.7088760910227614	2	1	1	1	1	1
110	114	train	88	0.26666666666666666	1.726138181501767	2	1	1	1	1	1
98	102	train	70	0.13333333333333333	1.072008968920998	2	1	1	1	1	1
2	100	train	132	0.2777777777777778	2.301243175973655	2	1	1	1	1	1
88	110	train	72	0.21428571428571427	1.2537564777093428	2	1	1	1	1	1
33	89	train	63	0.3333333333333333	1.963814645015908	2	1	1	1	1	1
1	27	train	110	0.0	0	3	0	0	0	0	1
7	22	train	64	0.06666666666666667	0.45511961331341866	2	1	1	1	1	1
6	64	train	99	0.3333333333333333	2.1897744379857493	2	1	1	1	1	1
44	66	train	81	0.2	1.5199073204772229	2	1	1	1	1	1
65	113	train	81	0.2	1.3494873107694914	2	1	1	1	1	1
3	102	train	70	0.0625	0.43429448190325176	2	1	1	1	1	1
17	27	train	110	0.23529411764705882	1.905035915959576	2	1	1	1	1	1
46	67	train	90	0.35714285714285715	2.1431705729260133	2	1	1	1	1	1
61	71	train	81	0.38461538461538464	2.285505271045898	2	1	1	1	1	1
44	45	train	81	0.0	0	3	0	0	0	0	1
60	64	train	99	0.25	1.8057420419682657	2	1	1	1	1	1
62	70	train	56	0.15384615384615385	0.8513268733274981	2	1	1	1	1	1
10	84	train	70	0.3076923076923077	1.837606919489673	2	1	1	1	1	1
5	90	train	54	0.0	0	3	0	1	0	1	1
48	86	train	54	0.25	1.3384475646582512	2	1	1	1	1	1
49	83	train	80	0.38461538461538464	2.1431705729260133	2	1	1	1	1	1
66	76	train	90	0.05555555555555555	0.48089834696298783	2	0	1	0	0	1
44	112	train	72	0.21428571428571427	1.4499163026461572	2	1	1	1	1	1
10	81	train	49	0.16666666666666666	0.8685889638065035	2	1	1	1	1	1
15	106	train	72	0.3076923076923077	1.852345907028002	2	1	1	1	1	1
31	34	train	80	0.2	1.344533708530089	2	1	1	1	1	1
19	33	train	90	0.0	0	3	0	0	0	0	1
33	105	train	63	0.45454545454545453	2.3393303978628275	2	1	1	1	1	1
31	99	train	80	0.2857142857142857	1.825432055493077	2	1	1	1	1	1
14	38	train	88	0.35714285714285715	2.306330402456065	2	1	1	1	1	1
26	61	train	81	0.058823529411764705	0.43429448190325176	2	1	1	0	1	1
27	95	train	88	0.26666666666666666	1.9405979327275014	2	1	1	1	1	1
40	52	train	42	0.18181818181818182	0.8685889638065035	2	1	1	1	1	1
30	101	train	56	0.25	1.3703124421796582	2	1	1	1	1	1
108	111	train	70	0.3076923076923077	1.8462571869032438	2	1	1	1	1	1
58	97	train	49	0.07692307692307693	0.5138983423697507	2	1	1	1	1	1
23	104	train	96	0.25	1.7492576117147323	2	1	1	1	1	1
9	22	train	88	0.11764705882352941	0.9360179602764065	2	1	1	0	1	1
40	107	train	42	0.18181818181818182	0.9481928242730024	2	1	1	1	1	1
96	112	train	72	0.0	0	3	0	1	0	0	1
9	104	train	132	0.35294117647058826	2.7283163961197134	2	1	1	1	1	1
29	94	train	63	0.23076923076923078	1.3494873107694914	2	1	1	1	1	1
73	88	train	90	0.46153846153846156	2.670672784948737	2	1	1	1	1	1
27	70	train	88	0.26666666666666666	1.9614230641376684	2	1	1	1	1	1
56	70	train	48	0.16666666666666666	0.872152004737665	2	1	1	1	1	1
51	111	train	90	0.46153846153846156	2.8740538716427455	2	1	1	1	1	1
34	42	train	48	0.07692307692307693	0.43429448190325176	2	1	1	1	1	1
6	32	train	72	0.3076923076923077	1.723478878065163	2	1	1	1	1	1
8	111	train	90	0.1875	1.391137573589825	2	1	1	1	1	1
11	104	train	96	0.0	0	3	1	0	0	0	1
0	35	train	80	0.0	0	3	0	0	0	0	1
12	38	train	88	0.26666666666666666	1.8512107891426461	2	1	1	1	1	1
53	83	train	120	0.375	2.702537662470144	2	1	1	1	1	1
73	114	train	110	0.5	3.143054488741161	2	1	1	1	1	1
86	87	train	90	0.0	0	3	0	1	0	0	1
12	85	train	64	0.3333333333333333	1.7873448336039046	2	1	1	1	1	1
89	103	train	49	0.2727272727272727	1.48291629805292	2	1	1	1	1	1
52	98	train	70	0.13333333333333333	1.013230239864666	2	1	1	1	1	1
80	86	train	72	0.0	0	3	0	0	0	0	1
9	23	train	88	0.35714285714285715	2.2155531716353183	2	1	1	1	1	1
27	76	train	110	0.23529411764705882	1.930814649609145	2	1	1	1	1	1
82	94	train	63	0.14285714285714285	0.9617966939259757	2	1	1	0	0	1
74	82	train	90	0.0	0	3	0	0	0	0	1
10	74	train	70	0.13333333333333333	0.8894140952166705	2	1	1	1	1	1
42	57	train	42	0.0	0	3	0	0	0	0	1
88	114	train	99	0.5384615384615384	3.201833217797493	2	1	1	1	1	1
6	55	train	90	0.0	0	3	0	0	0	0	1
0	4	train	80	0.2857142857142857	1.670788869133589	2	1	1	1	1	1
3	84	train	100	0.17647058823529413	1.4033124375864212	2	1	1	1	1	1
16	38	train	121	0.0	0	4	0	0	0	0	1
57	86	train	63	0.06666666666666667	0.5138983423697507	2	1	1	1	1	1
37	103	train	63	0.45454545454545453	2.4311091223259225	2	1	1	1	1	1
46	83	train	90	0.35714285714285715	2.1689493065755823	2	1	1	1	1	1
11	69	train	32	0.09090909090909091	0.45511961331341866	2	1	1	1	1	1
61	99	train	72	0.3076923076923077	1.778828190433341	2	1	1	1	1	1
81	82	train	63	0.0	0	3	0	0	0	0	1
9	64	train	121	0.0	0	3	0	0	0	0	1
8	22	train	72	0.3076923076923077	1.8081699650140715	2	1	1	1	1	1
71	72	train	63	0.0	0	3	0	0	0	0	1
27	96	train	99	0.17647058823529413	1.4266995903577508	2	1	1	1	1	1
18	34	train	80	0.38461538461538464	2.357763948394755	2	1	1	1	1	1
35	101	train	56	0.36363636363636365	1.80460692408291	2	1	1	1	1	1
16	41	train	88	0.46153846153846156	2.64984765353857	2	1	1	1	1	1
47	100	train	110	0.3125	2.2693782984522484	2	1	1	1	1	1
36	43	train	80	0.058823529411764705	0.48089834696298783	2	1	1	0	0	1
81	84	train	70	0.3076923076923077	1.816781788079506	2	1	1	1	1	1
66	92	train	63	0.14285714285714285	0.9360179602764065	2	1	1	1	1	1
5	74	train	90	0.26666666666666666	1.8963856485460049	2	1	1	1	1	1
18	42	train	60	0.06666666666666667	0.48089834696298783	2	1	1	1	1	1
58	101	train	49	0.0	0	4	0	0	0	0	1
68	78	train	81	0.2	1.4033124375864212	2	1	1	1	1	1
72	104	train	84	0.0	0	3	0	0	0	0	1
22	23	train	64	0.14285714285714285	0.872152004737665	2	1	1	0	1	1
49	73	train	80	0.38461538461538464	2.16399570433618	2	1	1	1	1	1
76	95	train	80	0.2	1.3860503471074157	2	1	1	1	1	1
39	82	train	63	0.06666666666666667	0.4170323914242463	2	0	0	0	1	1
59	76	train	70	0.0625	0.45511961331341866	2	1	1	0	0	1
31	55	train	100	0.05263157894736842	0.43429448190325176	2	0	0	0	0	1
83	110	train	80	0.2	1.2537564777093428	2	1	1	1	1	1
44	91	train	63	0.06666666666666667	0.48089834696298783	2	1	1	1	1	1
75	112	train	64	0.14285714285714285	0.9102392266268373	2	1	1	1	1	1
39	106	train	63	0.06666666666666667	0.45511961331341866	2	1	1	1	1	1
44	75	train	72	0.21428571428571427	1.4941285868276537	2	1	1	1	1	1
46	114	train	99	0.42857142857142855	2.6413310103680065	2	1	1	1	1	1
20	113	train	72	0.4166666666666667	2.238901405986162	2	1	1	1	1	1
19	44	train	90	0.11764705882352941	0.9617966939259757	2	0	0	0	0	1
60	71	train	81	0.0	0	3	0	0	0	0	1
20	21	train	64	0.0	0	5	0	0	0	0	1
53	110	train	96	0.25	1.7407409685441686	2	1	1	1	1	1
14	43	train	80	0.2857142857142857	1.8339486986636406	2	1	1	1	1	1
86	97	train	63	0.0	0	3	0	1	0	1	1
25	53	train	84	0.0	0	4	0	0	0	0	1
43	70	train	80	0.0	0	3	0	0	0	0	1
31	61	train	90	0.35714285714285715	2.285505271045898	2	1	1	1	1	1
26	85	train	72	0.3076923076923077	1.8131235672534738	2	1	1	1	1	1
2	60	train	108	0.3125	2.301243175973655	2	1	1	1	1	1
53	88	train	108	0.4	2.702537662470144	2	1	1	1	1	1
62	95	train	56	0.36363636363636365	1.7199158371340015	2	1	1	1	1	1
8	51	train	81	0.2857142857142857	1.8512107891426461	2	1	1	1	1	1
40	74	train	60	0.14285714285714285	1.0277966847395015	2	1	1	1	1	1
64	100	train	121	0.29411764705882354	2.2866403889312537	2	1	1	1	1	1
27	63	train	88	0.05555555555555555	0.45511961331341866	2	1	1	0	0	1
21	108	train	56	0.36363636363636365	1.825432055493077	2	1	1	1	1	1
67	104	train	120	0.15789473684210525	1.3149631298114803	2	0	0	0	0	1
6	47	train	90	0.35714285714285715	2.231291076563076	2	1	1	1	1	1
13	60	train	63	0.14285714285714285	0.8194619958060909	2	1	1	1	1	1
12	36	train	64	0.06666666666666667	0.43429448190325176	2	1	1	0	0	1
93	104	train	120	0.375	2.7110543056407077	2	1	1	1	1	1
45	62	train	63	0.0	0	3	0	0	0	0	1
36	37	train	72	0.0	0	3	0	0	0	0	1
31	43	train	100	0.17647058823529413	1.3703124421796582	2	1	1	0	1	1
17	58	train	70	0.0	0	3	1	1	0	0	1
83	84	train	100	0.1111111111111111	0.9947966893327386	2	0	0	0	0	1
56	95	train	48	0.07692307692307693	0.4170323914242463	2	1	1	1	1	1
5	98	train	90	0.1875	1.4620911666427532	2	1	1	1	1	1
56	65	train	54	0.15384615384615385	0.8979307383872341	2	1	1	1	1	1
41	93	train	80	0.38461538461538464	2.198291081156313	2	1	1	1	1	1
8	9	train	99	0.1111111111111111	0.9617966939259757	2	1	1	0	1	1
54	55	train	90	0.0	0	3	0	0	0	0	1
13	45	train	63	0.0	0	4	0	0	0	0	1
9	41	train	88	0.46153846153846156	2.670672784948737	2	1	1	1	1	1
45	103	train	63	0.23076923076923078	1.4033124375864212	2	1	1	1	1	1
49	53	train	96	0.3333333333333333	2.195860581857587	2	1	1	1	1	1
45	105	train	63	0.45454545454545453	2.3393303978628275	2	1	1	1	1	1
16	67	train	110	0.10526315789473684	0.8833279513448324	2	0	0	0	0	1
46	73	train	90	0.46153846153846156	2.624068919889001	2	1	1	1	1	1
41	104	train	96	0.42857142857142855	2.6644504405809717	2	1	1	1	1	1
19	29	train	90	0.35714285714285715	2.34428400010223	2	1	1	1	1	1
23	111	train	80	0.058823529411764705	0.45511961331341866	2	1	1	0	1	1
75	107	train	56	0.0	0	4	0	0	0	0	1
8	78	train	81	0.2	1.3703124421796582	2	1	1	1	1	1
2	47	train	120	0.2222222222222222	1.74430400947533	2	1	1	1	1	1
46	88	train	81	0.38461538461538464	2.1689493065755823	2	1	1	1	1	1
29	35	train	72	0.4166666666666667	2.297680135042494	2	1	1	1	1	1
1	57	train	70	0.0	0	3	0	0	0	0	1
102	107	train	49	0.16666666666666666	0.9924051084544989	2	1	1	1	1	1
11	97	train	56	0.0	0	3	0	0	0	0	1
54	71	train	81	0.38461538461538464	2.2682431805668926	2	1	1	1	1	1
31	85	train	80	0.125	0.9151928288662396	2	1	1	0	1	1
23	93	train	80	0.2857142857142857	1.717392734193325	2	1	1	1	1	1
40	51	train	54	0.0	0	3	0	0	0	0	1
3	26	train	90	0.0	0	3	0	0	0	0	1
89	105	train	49	0.4	1.905035915959576	2	1	1	1	1	1
59	63	train	56	0.07142857142857142	0.5138983423697507	2	1	1	1	1	1
17	113	train	90	0.35714285714285715	2.306330402456065	2	1	1	1	1	1
8	21	train	72	0.21428571428571427	1.3703124421796582	2	1	1	1	1	1
29	30	train	72	0.4166666666666667	2.377283995508993	2	1	1	1	1	1
88	107	train	63	0.0	0	3	0	0	0	0	1
17	65	train	90	0.1875	1.3064464866409167	2	1	1	1	1	1
10	11	train	56	0.07142857142857142	0.45511961331341866	2	0	1	0	1	1
20	36	train	64	0.0	0	3	0	0	0	0	1
0	33	train	90	0.05555555555555555	0.43429448190325176	2	0	0	0	0	1
38	71	train	99	0.1111111111111111	0.8894140952166705	2	1	1	0	1	1
63	112	train	64	0.06666666666666667	0.5138983423697507	2	0	1	0	1	1
37	105	train	63	0.45454545454545453	2.3723303932695905	2	1	1	1	1	1
20	76	train	80	0.2	1.391137573589825	2	1	1	1	1	1
27	56	train	66	0.3076923076923077	1.872035920552813	2	1	1	1	1	1
28	78	train	45	0.0	0	3	1	0	0	0	1
54	99	train	72	0.3076923076923077	1.825432055493077	2	1	1	1	1	1
0	9	train	110	0.23529411764705882	1.7346548246723306	2	1	1	1	1	1
81	98	train	70	0.13333333333333333	0.9481928242730024	2	1	1	1	1	1
55	79	train	100	0.3333333333333333	2.318505266452661	2	1	1	1	1	1
0	104	train	120	0.2222222222222222	1.7492576117147323	2	1	1	1	1	1
14	99	train	64	0.14285714285714285	0.9360179602764065	2	1	1	0	1	1
47	61	train	90	0.0	0	3	0	0	0	0	1
13	64	train	77	0.2	1.2745816091195097	2	1	1	1	1	1
73	77	train	70	0.0	0	3	0	0	0	0	1
103	105	train	49	0.4	1.8584320508998398	2	1	1	1	1	1
32	64	train	88	0.26666666666666666	1.7615660999543354	2	1	1	1	1	1
38	39	train	77	0.058823529411764705	0.45511961331341866	2	0	0	0	0	1
2	64	train	132	0.35294117647058826	2.7305840556375047	2	1	1	1	1	1
67	68	train	90	0.0	0	3	0	0	0	0	1
67	88	train	90	0.26666666666666666	1.7088760910227614	2	1	1	1	1	1
14	85	train	64	0.45454545454545453	2.2682431805668926	2	1	1	1	1	1
51	108	train	63	0.3333333333333333	1.825432055493077	2	1	1	1	1	1
91	93	train	70	0.0625	0.48089834696298783	2	0	0	0	0	1
47	64	train	110	0.3125	2.210599569395916	2	1	1	1	1	1
33	45	train	81	0.2857142857142857	1.884210784549409	2	1	1	1	1	1
79	80	train	80	0.0	0	3	1	1	0	1	1
28	38	train	55	0.0	0	4	0	0	0	0	1
43	79	train	100	0.05263157894736842	0.43429448190325176	2	0	0	0	0	1
73	83	train	100	0.42857142857142855	2.670672784948737	2	1	1	1	1	1
43	85	train	80	0.38461538461538464	2.2682431805668926	2	1	1	1	1	1
76	113	train	90	0.35714285714285715	2.411712996572133	2	1	1	1	1	1
1	101	train	70	0.0	0	3	0	0	0	0	1
51	77	train	63	0.3333333333333333	1.8512107891426461	2	1	1	1	1	1
0	1	train	100	0.05263157894736842	0.45511961331341866	2	0	0	0	0	1
80	93	train	80	0.125	0.9690179556831694	2	0	0	0	0	1
49	88	train	72	0.3076923076923077	1.7088760910227614	2	1	1	1	1	1
38	85	train	88	0.26666666666666666	1.8512107891426461	2	1	1	1	1	1
0	16	train	110	0.23529411764705882	1.7346548246723306	2	1	1	1	1	1
57	92	train	49	0.16666666666666666	0.9690179556831694	2	1	1	1	1	1
51	68	train	81	0.2857142857142857	1.884210784549409	2	1	1	1	1	1
4	41	train	64	0.3333333333333333	1.670788869133589	2	1	1	1	1	1
80	85	train	64	0.0	0	3	0	0	0	0	1
16	81	train	77	0.0	0	3	0	0	0	0	1
63	65	train	72	0.0625	0.4170323914242463	2	1	1	0	0	1
2	14	train	96	0.0	0	3	0	0	0	0	1
31	71	train	90	0.26666666666666666	1.8512107891426461	2	1	1	1	1	1
55	94	train	70	0.13333333333333333	0.8894140952166705	2	1	1	1	1	1
27	62	train	77	0.2857142857142857	1.8303856577324793	2	1	1	1	1	1
23	78	train	72	0.13333333333333333	0.9151928288662396	2	1	1	0	1	1
37	89	train	63	0.3333333333333333	1.996814640422671	2	1	1	1	1	1
31	79	train	100	0.1111111111111111	0.8685889638065035	2	0	0	0	0	1
12	34	train	64	0.0	0	3	1	1	0	1	1
53	73	train	120	0.4666666666666667	3.1576572757835626	2	1	1	1	1	1
18	19	train	100	0.05263157894736842	0.48089834696298783	2	0	0	0	0	1
14	26	train	72	0.3076923076923077	1.8131235672534738	2	1	1	1	1	1
6	106	train	81	0.2857142857142857	1.8142586851388296	2	1	1	1	1	1
32	106	train	72	0.21428571428571427	1.3530503517006527	2	1	1	1	1	1
4	9	train	88	0.35714285714285715	2.1689493065755823	2	1	1	1	1	1
97	98	train	70	0.0	0	3	0	0	0	0	1
64	106	train	99	0.25	1.7935671779716698	2	1	1	1	1	1
34	54	train	72	0.21428571428571427	1.344533708530089	2	1	1	1	1	1
68	108	train	63	0.45454545454545453	2.306330402456065	2	1	1	1	1	1
3	72	train	70	0.21428571428571427	1.3506224286548472	2	1	1	1	1	1
16	17	train	110	0.0	0	3	0	0	0	0	1
57	112	train	56	0.07142857142857142	0.5138983423697507	2	1	1	1	1	1
95	113	train	72	0.21428571428571427	1.3028834457097553	2	1	1	1	1	1
87	95	train	80	0.2	1.4033124375864212	2	1	1	1	1	1
4	5	train	72	0.0	0	3	0	0	0	0	1
22	51	train	72	0.21428571428571427	1.424137568996588	2	1	1	1	1	1
26	38	train	99	0.25	1.8769895227922153	2	1	1	1	1	1
63	64	train	88	0.0	0	3	0	0	0	0	1
83	114	train	110	0.4	2.6879348754277426	2	1	1	1	1	1
59	97	train	49	0.16666666666666666	0.9947966893327386	2	1	1	1	1	1
91	92	train	49	0.07692307692307693	0.5138983423697507	2	1	1	1	1	1
7	68	train	72	0.13333333333333333	0.9947966893327386	2	1	1	1	1	1
79	101	train	70	0.3076923076923077	1.8512107891426461	2	1	1	1	1	1
32	100	train	88	0.26666666666666666	1.7873448336039046	2	1	1	1	1	1
99	100	train	88	0.0	0	3	0	0	0	0	1
65	70	train	72	0.21428571428571427	1.4302626312889122	2	1	1	1	1	1
20	96	train	72	0.3076923076923077	1.7580030590231739	2	1	1	1	1	1
32	47	train	80	0.2	1.2891843961619114	2	1	1	1	1	1
2	106	train	108	0.23529411764705882	1.8081699650140715	2	1	1	1	1	1
105	109	train	56	0.36363636363636365	1.8584320508998398	2	1	1	1	1	1
53	114	train	132	0.4375	3.1749193662625683	2	1	1	1	1	1
17	62	train	70	0.21428571428571427	1.3322252202904858	2	1	1	1	1	1
35	55	train	80	0.2857142857142857	1.837606919489673	2	1	1	1	1	1
75	76	train	80	0.058823529411764705	0.45511961331341866	2	0	1	0	0	1
3	81	train	70	0.0625	0.43429448190325176	2	1	1	1	1	1
18	99	train	80	0.2857142857142857	1.7996533218435078	2	1	1	1	1	1
19	30	train	80	0.38461538461538464	2.3393303978628275	2	1	1	1	1	1
5	52	train	63	0.23076923076923078	1.3028834457097553	2	1	1	1	1	1
80	82	train	72	0.13333333333333333	0.9481928242730024	2	1	1	0	0	1
20	70	train	64	0.14285714285714285	0.8894140952166705	2	1	1	1	1	1
49	84	train	80	0.058823529411764705	0.43429448190325176	2	0	0	0	0	1
24	50	train	45	0.2727272727272727	1.660343908073847	2	1	1	1	1	1
40	98	train	60	0.23076923076923078	1.5416950271092522	2	1	1	1	1	1
65	66	train	81	0.0	0	3	0	1	0	0	1
78	108	train	63	0.23076923076923078	1.344533708530089	2	1	1	1	1	1
72	74	train	70	0.21428571428571427	1.3506224286548472	2	1	1	1	1	1
3	52	train	70	0.21428571428571427	1.4033124375864212	2	1	1	1	1	1
38	43	train	110	0.23529411764705882	1.8978146542023822	2	1	1	1	1	1
46	47	train	90	0.0	0	3	0	0	0	0	1
29	91	train	63	0.0	0	3	0	0	0	0	1
14	54	train	72	0.13333333333333333	0.8979307383872341	2	1	1	0	1	1
26	43	train	90	0.35714285714285715	2.3148470456266286	2	1	1	1	1	1
102	103	train	49	0.0	0	4	0	0	0	0	1
29	42	train	54	0.0	0	3	0	0	0	0	1
49	114	train	88	0.35714285714285715	2.1812577948151857	2	1	1	1	1	1
5	84	train	90	0.26666666666666666	1.816781788079506	2	1	1	1	1	1
4	104	train	96	0.3333333333333333	2.183552093617984	2	1	1	1	1	1
52	72	train	49	0.16666666666666666	0.8685889638065035	2	1	1	1	1	1
6	100	train	99	0.3333333333333333	2.2485531670420813	2	1	1	1	1	1
18	71	train	90	0.46153846153846156	2.723362793880311	2	1	1	1	1	1
24	90	train	54	0.15384615384615385	1.2426698691192237	2	1	1	1	1	1
42	63	train	48	0.0	0	3	0	0	0	0	1
52	74	train	70	0.3076923076923077	1.9614230641376684	2	1	1	1	1	1
39	100	train	77	0.2	1.344533708530089	2	1	1	1	1	1
25	109	train	56	0.15384615384615385	0.9690179556831694	2	1	1	1	1	1
59	113	train	63	0.06666666666666667	0.43429448190325176	2	1	1	0	0	1
86	92	train	63	0.23076923076923078	1.4499163026461572	2	1	1	1	1	1
25	89	train	49	0.4	1.905035915959576	2	1	1	1	1	1
104	114	train	132	0.045454545454545456	0.43429448190325176	2	0	0	0	0	1
67	114	train	110	0.4	2.5836873991970304	2	1	1	1	1	1
9	108	train	77	0.0	0	3	1	1	0	1	1
45	109	train	72	0.21428571428571427	1.4033124375864212	2	1	1	1	1	1
63	109	train	64	0.0	0	3	0	0	0	0	1
2	3	train	120	0.1	0.9481928242730024	2	0	0	0	0	1
18	31	train	100	0.25	1.872035920552813	2	1	1	1	1	1
33	109	train	72	0.4166666666666667	2.4311091223259225	2	1	1	1	1	1
29	55	train	90	0.35714285714285715	2.377283995508993	2	1	1	1	1	1
22	47	train	80	0.0	0	3	0	0	0	0	1
33	37	train	81	0.38461538461538464	2.4311091223259225	2	1	1	1	1	1
39	54	train	63	0.06666666666666667	0.4170323914242463	2	0	0	0	0	1
15	32	train	64	0.14285714285714285	0.872152004737665	2	1	1	1	1	1
19	55	train	100	0.25	1.884210784549409	2	1	1	1	1	1
32	49	train	64	0.0	0	3	0	0	0	0	1
15	92	train	56	0.07142857142857142	0.45511961331341866	2	0	0	0	0	1
79	109	train	80	0.0	0	3	0	0	0	0	1
4	16	train	88	0.35714285714285715	2.1689493065755823	2	1	1	1	1	1
46	111	train	90	0.0	0	3	0	0	0	0	1
82	93	train	90	0.05555555555555555	0.48089834696298783	2	0	0	0	0	1
98	107	train	70	0.21428571428571427	1.5063034508242497	2	1	1	1	1	1
62	87	train	70	0.13333333333333333	0.9151928288662396	2	1	1	1	1	1
75	86	train	72	0.21428571428571427	1.5271285822344165	2	1	1	1	1	1
66	112	train	72	0.13333333333333333	0.9360179602764065	2	1	1	1	1	1
46	53	train	108	0.4	2.655933797410408	2	1	1	1	1	1
35	44	train	72	0.13333333333333333	0.9151928288662396	2	0	0	0	0	1
19	79	train	100	0.25	1.8512107891426461	2	1	1	1	1	1
0	93	train	100	0.25	1.717392734193325	2	1	1	1	1	1
56	57	train	42	0.0	0	3	0	1	0	0	1
19	36	train	80	0.058823529411764705	0.43429448190325176	2	0	0	0	0	1
37	45	train	81	0.2857142857142857	1.917210779956172	2	1	1	1	1	1
97	112	train	56	0.07142857142857142	0.48089834696298783	2	0	1	0	1	1
27	65	train	99	0.25	1.9542018023804746	2	1	1	1	1	1
50	90	train	30	0.2222222222222222	1.0764545478730305	2	1	1	1	1	1
36	58	train	56	0.07142857142857142	0.5138983423697507	2	0	0	0	1	1
72	107	train	49	0.0	0	3	1	1	1	1	1
84	107	train	70	0.0625	0.43429448190325176	2	1	1	1	1	1
30	44	train	72	0.13333333333333333	0.9151928288662396	2	0	0	0	0	1
48	66	train	54	0.25	1.391137573589825	2	1	1	1	1	1
1	45	train	90	0.35714285714285715	2.4189342583293265	2	1	1	1	1	1
4	93	train	80	0.38461538461538464	2.151687216096577	2	1	1	1	1	1
17	27	train	110	0.23529411764705882	1.905035915959576	2	1	1	1	1	1
5	11	train	72	0.13333333333333333	0.9481928242730024	2	0	1	0	1	1
55	101	train	70	0.21428571428571427	1.3703124421796582	2	1	1	1	1	1
85	99	train	64	0.14285714285714285	0.9151928288662396	2	1	1	0	1	1
18	36	train	80	0.058823529411764705	0.43429448190325176	2	1	1	0	0	1
82	100	train	99	0.05263157894736842	0.5138983423697507	2	0	0	0	1	1
26	27	train	99	0.0	0	3	0	0	0	0	1
6	39	train	63	0.23076923076923078	1.3064464866409167	2	1	1	1	1	1
30	94	train	56	0.25	1.344533708530089	2	1	1	1	1	1
76	96	train	90	0.1875	1.3530503517006527	2	1	1	1	1	1
15	68	train	72	0.0	0	3	0	0	0	0	1
66	86	train	81	0.2	1.552907315883986	2	1	1	1	1	1
50	68	train	45	0.0	0	3	1	0	0	0	1
58	59	train	49	0.16666666666666666	0.9947966893327386	2	1	1	1	1	1
77	98	train	70	0.0	0	3	0	0	0	0	1
60	106	train	81	0.2	1.3003603427690789	2	1	1	1	1	1
24	110	train	72	0.0	0	3	0	0	0	0	1
34	61	train	72	0.3076923076923077	1.778828190433341	2	1	1	1	1	1
13	110	train	56	0.0	0	4	0	0	0	0	1
21	111	train	80	0.38461538461538464	2.3931555246797576	2	1	1	1	1	1
2	74	train	120	0.1	0.9481928242730024	2	0	0	0	0	1
24	69	train	36	0.08333333333333333	0.48089834696298783	2	1	1	1	1	1
22	78	train	72	0.3076923076923077	1.905035915959576	2	1	1	1	1	1
24	66	train	81	0.0	0	3	0	0	0	0	1
62	76	train	70	0.21428571428571427	1.378829085350222	2	1	1	1	1	1
81	83	train	70	0.0625	0.43429448190325176	2	0	0	0	0	1
53	86	train	108	0.05	0.5581106265512472	2	0	0	0	0	1
9	16	train	121	0.375	2.7137136090773115	2	1	1	1	1	1
10	60	train	63	0.0	0	3	0	0	0	0	1
3	84	train	100	0.17647058823529413	1.4033124375864212	2	1	1	1	1	1
39	47	train	70	0.13333333333333333	0.872152004737665	2	1	1	1	1	1
87	104	train	120	0.0	0	3	0	0	0	0	1
25	106	train	63	0.0	0	4	0	0	0	0	1
65	87	train	90	0.11764705882352941	0.8894140952166705	2	1	1	1	1	1
18	54	train	90	0.35714285714285715	2.289068311977059	2	1	1	1	1	1
18	61	train	90	0.35714285714285715	2.306330402456065	2	1	1	1	1	1
40	102	train	42	0.3	1.3824873061762544	2	1	1	1	1	1
64	111	train	110	0.0	0	3	0	0	0	0	1
58	114	train	77	0.058823529411764705	0.45511961331341866	2	0	0	0	0	1
48	96	train	54	0.0	0	3	0	1	0	0	1
15	60	train	72	0.13333333333333333	0.8575492176952633	2	1	1	1	1	1
9	93	train	110	0.4	2.6964515185983062	2	1	1	1	1	1
78	111	train	90	0.46153846153846156	2.8740538716427455	2	1	1	1	1	1
71	99	train	72	0.3076923076923077	1.778828190433341	2	1	1	1	1	1
100	102	train	77	0.0	0	3	0	0	0	0	1
2	13	train	84	0.1875	1.2891843961619114	2	1	1	1	1	1
35	79	train	80	0.38461538461538464	2.318505266452661	2	1	1	1	1	1
36	59	train	56	0.07142857142857142	0.5138983423697507	2	0	0	0	1	1
34	71	train	72	0.3076923076923077	1.778828190433341	2	1	1	1	1	1
24	84	train	90	0.0	0	3	0	1	0	1	1
7	108	train	56	0.15384615384615385	0.9360179602764065	2	1	1	1	1	1
22	77	train	56	0.15384615384615385	0.9102392266268373	2	1	1	1	1	1
12	14	train	64	0.3333333333333333	1.7873448336039046	2	1	1	1	1	1
3	5	train	90	0.26666666666666666	1.863385653139242	2	1	1	1	1	1
29	101	train	63	0.3333333333333333	1.8303856577324793	2	1	1	1	1	1
58	88	train	63	0.06666666666666667	0.4170323914242463	2	0	0	0	0	1
18	38	train	110	0.10526315789473684	0.9102392266268373	2	1	1	0	1	1
14	99	train	64	0.14285714285714285	0.9360179602764065	2	1	1	0	1	1
46	49	train	72	0.4166666666666667	2.1431705729260133	2	1	1	1	1	1
1	37	train	90	0.26666666666666666	1.9380359113663388	2	1	1	1	1	1
8	41	train	72	0.0625	0.4170323914242463	2	1	1	0	1	1
41	67	train	80	0.125	0.8194619958060909	2	0	0	0	0	1
21	77	train	56	0.15384615384615385	0.8894140952166705	2	1	1	1	1	1
44	48	train	54	0.15384615384615385	0.9360179602764065	2	1	1	1	1	1
12	26	train	72	0.3076923076923077	1.8131235672534738	2	1	1	1	1	1
1	103	train	70	0.21428571428571427	1.424137568996588	2	1	1	1	1	1
70	113	train	72	0.21428571428571427	1.3703124421796582	2	1	1	1	1	1
15	100	train	88	0.11764705882352941	0.8833279513448324	2	1	1	1	1	1
75	92	train	56	0.15384615384615385	0.9102392266268373	2	1	1	1	1	1
87	96	train	90	0.1875	1.3703124421796582	2	1	1	1	1	1
24	28	train	45	0.16666666666666666	1.179445561110859	2	1	1	1	1	1
13	100	train	77	0.125	0.8194619958060909	2	1	1	1	1	1
8	90	train	54	0.0	0	3	1	0	0	0	1
43	61	train	90	0.11764705882352941	0.8894140952166705	2	1	1	0	1	1
0	65	train	90	0.0	0	3	0	0	0	0	1
74	84	train	100	0.17647058823529413	1.4033124375864212	2	1	1	1	1	1
80	94	train	56	0.07142857142857142	0.45511961331341866	2	1	1	0	1	1
1	109	train	80	0.2	1.424137568996588	2	1	1	1	1	1
74	102	train	70	0.13333333333333333	0.9924051084544989	2	1	1	1	1	1
12	43	train	80	0.38461538461538464	2.3148470456266286	2	1	1	1	1	1
77	78	train	63	0.23076923076923078	1.3703124421796582	2	1	1	1	1	1
89	109	train	56	0.25	1.48291629805292	2	1	1	1	1	1
2	72	train	84	0.11764705882352941	0.8685889638065035	2	0	0	0	0	1
25	37	train	63	0.23076923076923078	1.48291629805292	2	1	1	1	1	1
6	7	train	72	0.0	0	3	0	0	0	0	1
21	51	train	72	0.4166666666666667	2.3723303932695905	2	1	1	1	1	1
96	113	train	81	0.2857142857142857	1.783781792672743	2	1	1	1	1	1
67	73	train	100	0.3333333333333333	2.16399570433618	2	1	1	1	1	1
54	61	train	81	0.2857142857142857	1.8512107891426461	2	1	1	1	1	1
31	32	train	80	0.0	0	3	0	0	0	0	1
69	83	train	40	0.0	0	3	0	0	0	0	1
11	24	train	72	0.13333333333333333	1.3426824550040934	2	1	1	1	1	1
11	50	train	40	0.08333333333333333	0.45511961331341866	2	1	1	1	1	1
1	33	train	90	0.35714285714285715	2.3393303978628275	2	1	1	1	1	1
1	105	train	70	0.4166666666666667	2.3601555292729945	2	1	1	1	1	1
57	91	train	49	0.16666666666666666	0.9947966893327386	2	1	1	1	1	1
19	35	train	80	0.38461538461538464	2.259726537396329	2	1	1	1	1	1
63	97	train	56	0.15384615384615385	0.9947966893327386	2	1	1	1	1	1
10	98	train	70	0.21428571428571427	1.4033124375864212	2	1	1	1	1	1
34	94	train	56	0.0	0	3	0	0	0	0	1
4	69	train	32	0.0	0	3	1	0	0	0	1
7	21	train	64	0.23076923076923078	1.424137568996588	2	1	1	1	1	1
30	79	train	80	0.2857142857142857	1.884210784549409	2	1	1	1	1	1
21	68	train	72	0.3076923076923077	1.884210784549409	2	1	1	1	1	1
38	54	train	99	0.25	1.884210784549409	2	1	1	0	1	1
0	90	train	60	0.0	0	3	1	0	0	0	1
73	110	train	80	0.2857142857142857	1.7088760910227614	2	1	1	1	1	1
48	75	train	48	0.2727272727272727	1.365358839940256	2	1	1	1	1	1
28	90	train	30	0.2222222222222222	1.0764545478730305	2	1	1	1	1	1
3	74	train	100	0.42857142857142855	2.833538726707767	2	1	1	1	1	1
2	15	train	96	0.17647058823529413	1.3272716180510837	2	1	1	1	1	1
66	75	train	72	0.5454545454545454	2.897441024414075	2	1	1	1	1	1
70	76	train	80	0.2857142857142857	1.8669486940704036	2	1	1	1	1	1
17	95	train	80	0.2857142857142857	1.8203448290106674	2	1	1	1	1	1
7	73	train	80	0.0	0	3	0	0	0	0	1
7	8	train	72	0.13333333333333333	0.9617966939259757	2	1	1	1	1	1
17	20	train	80	0.2	1.344533708530089	2	1	1	1	1	1
91	112	train	56	0.15384615384615385	0.9690179556831694	2	1	1	1	1	1
92	106	train	63	0.06666666666666667	0.48089834696298783	2	0	0	0	0	1
47	60	train	90	0.11764705882352941	0.8194619958060909	2	1	1	1	1	1
12	13	train	56	0.0	0	3	0	0	0	0	1
26	42	train	54	0.0	0	3	1	1	0	1	1
80	110	train	64	0.0	0	3	0	0	0	0	1
53	67	train	120	0.29411764705882354	2.195860581857587	2	1	1	1	1	1
77	111	train	70	0.21428571428571427	1.391137573589825	2	1	1	1	1	1
68	111	train	90	0.26666666666666666	1.905035915959576	2	1	1	1	1	1
84	98	train	100	0.25	1.996814640422671	2	1	1	1	1	1
16	104	train	132	0.4375	3.162610878022965	2	1	1	1	1	1
20	87	train	80	0.2	1.344533708530089	2	1	1	1	1	1
37	95	train	72	0.0	0	3	0	0	0	0	1
53	69	train	48	0.06666666666666667	0.43429448190325176	2	0	0	0	0	0
95	96	train	72	0.5454545454545454	2.7331460769986675	2	1	1	1	1	0
35	66	train	72	0.0625	0.45511961331341866	2	0	0	0	0	0
49	82	train	72	0.0	0	3	0	0	0	0	0
13	105	train	49	0.07692307692307693	0.45511961331341866	2	0	0	0	0	0
58	85	train	56	0.0	0	3	0	0	0	0	0
99	109	train	64	0.0	0	3	0	0	0	0	0
18	95	train	80	0.0	0	3	0	0	0	0	0
15	42	train	48	0.0	0	3	0	0	0	0	0
13	37	train	63	0.06666666666666667	0.45511961331341866	2	0	0	0	0	0
76	83	train	100	0.0	0	4	0	0	0	0	0
65	107	train	63	0.0	0	3	0	0	0	0	0
32	95	train	64	0.0	0	4	0	0	0	0	0
18	55	train	100	0.17647058823529413	1.3237085771199222	2	0	0	0	0	0
73	76	train	100	0.0	0	4	0	0	0	0	0
0	19	train	100	0.1111111111111111	0.9360179602764065	2	0	0	0	0	0
72	76	train	70	0.0	0	3	0	0	0	0	0
3	67	train	100	0.0	0	3	0	0	0	0	0
18	39	train	70	0.13333333333333333	0.872152004737665	2	0	0	0	0	0
104	112	train	96	0.0	0	3	0	0	0	0	0
6	50	train	45	0.0	0	3	0	0	0	0	0
76	112	train	80	0.2	1.391137573589825	2	0	1	0	0	0
22	94	train	56	0.0	0	3	0	0	0	0	0
50	103	train	35	0.0	0	4	0	0	0	0	0
33	39	train	63	0.0	0	3	0	0	0	0	0
2	86	train	108	0.0	0	3	0	0	0	0	0
11	111	train	80	0.0	0	3	1	0	0	0	0
103	108	train	49	0.0	0	4	0	0	0	0	0
13	33	train	63	0.06666666666666667	0.45511961331341866	2	0	0	0	0	0
16	95	train	88	0.05555555555555555	0.43429448190325176	2	0	0	0	0	0
45	98	train	90	0.0	0	3	0	0	0	0	0
41	88	train	72	0.0625	0.43429448190325176	2	0	0	0	0	0
65	68	train	81	0.0	0	4	0	0	0	0	0
6	107	train	63	0.0	0	3	0	0	0	0	0
16	33	train	99	0.05263157894736842	0.43429448190325176	2	0	0	0	0	0
9	82	train	99	0.05263157894736842	0.43429448190325176	2	0	0	0	0	0
102	106	train	63	0.0	0	3	0	0	0	0	0
55	57	train	70	0.0	0	3	0	0	0	0	0
27	50	train	55	0.0	0	4	0	0	0	0	0
82	95	train	72	0.0	0	4	0	0	0	0	0
26	114	train	99	0.0	0	4	0	0	0	0	0
47	83	train	100	0.05263157894736842	0.45511961331341866	2	0	0	0	0	0
56	107	train	42	0.0	0	4	0	0	0	0	0
11	80	train	64	0.0	0	3	0	0	0	0	0
49	101	train	56	0.0	0	3	0	0	0	0	0
98	111	train	100	0.05263157894736842	0.5138983423697507	2	0	0	0	0	0
48	65	train	54	0.07142857142857142	0.45511961331341866	2	0	1	0	0	0
25	114	train	77	0.058823529411764705	0.40242960438184466	2	0	0	0	0	0
47	69	train	40	0.0	0	3	0	0	0	0	0
77	99	train	56	0.0	0	4	0	0	0	0	0
53	95	train	96	0.0	0	3	0	0	0	0	0
29	74	train	90	0.0	0	3	0	0	0	0	0
50	53	train	60	0.0	0	3	0	0	0	0	0
46	108	train	63	0.06666666666666667	0.43429448190325176	2	0	0	0	0	0
4	114	train	88	0.05555555555555555	0.40242960438184466	2	0	0	0	0	0
38	102	train	77	0.0	0	3	0	0	0	0	0
22	52	train	56	0.0	0	3	0	0	0	0	0
0	70	train	80	0.058823529411764705	0.45511961331341866	2	0	0	0	0	0
38	94	train	77	0.0	0	3	0	0	0	0	0
60	77	train	63	0.0	0	3	0	0	0	0	0
25	67	train	70	0.0625	0.40242960438184466	2	0	0	0	0	0
34	48	train	48	0.0	0	4	0	0	0	0	0
35	80	train	64	0.06666666666666667	0.43429448190325176	2	1	1	0	1	0
7	86	train	72	0.0	0	3	0	0	0	0	0
20	51	train	72	0.0625	0.48089834696298783	2	0	0	0	0	0
22	34	train	64	0.0	0	3	0	0	0	0	0
2	58	train	84	0.0	0	3	0	0	0	0	0
81	101	train	49	0.0	0	3	0	0	0	0	0
3	59	train	70	0.0	0	3	0	0	0	0	0
57	59	train	49	0.0	0	3	0	1	0	1	0
2	51	train	108	0.0	0	3	0	0	0	0	0
84	110	train	80	0.125	0.8894140952166705	2	0	0	0	0	0
27	100	train	121	0.0	0	3	0	0	0	0	0
72	93	train	70	0.0625	0.40242960438184466	2	0	0	0	0	0
57	99	train	56	0.0	0	3	0	0	0	0	0
15	87	train	80	0.0	0	3	0	0	0	0	0
69	75	train	32	0.0	0	3	0	0	0	0	0
49	107	train	56	0.15384615384615385	0.8894140952166705	2	0	0	0	0	0
34	60	train	72	0.0625	0.45511961331341866	2	0	0	0	0	0
55	78	train	90	0.0	0	4	0	0	0	0	0
7	65	train	72	0.0	0	4	0	0	0	0	0
41	80	train	64	0.06666666666666667	0.43429448190325176	2	0	0	0	0	0
90	111	train	60	0.06666666666666667	0.45511961331341866	2	1	0	0	0	0
59	95	train	56	0.15384615384615385	0.8894140952166705	2	1	1	0	0	0
56	64	train	66	0.0	0	3	0	0	0	0	0
23	42	train	48	0.0	0	4	0	0	0	0	0
58	78	train	63	0.0	0	4	0	0	0	0	0
14	93	train	80	0.0	0	3	0	0	0	0	0
66	95	train	72	0.0625	0.43429448190325176	2	0	1	0	0	0
17	68	train	90	0.0	0	3	0	0	0	0	0
24	61	train	81	0.0	0	4	0	0	0	0	0
25	85	train	56	0.0	0	4	0	0	0	0	0
64	107	train	77	0.0	0	3	0	0	0	0	0
60	72	train	63	0.14285714285714285	0.8575492176952633	2	0	0	0	0	0
86	98	train	90	0.05555555555555555	0.5138983423697507	2	0	0	0	0	0
17	107	train	70	0.0	0	3	0	0	0	0	0
92	104	train	84	0.0	0	3	0	0	0	0	0
64	104	train	132	0.045454545454545456	0.4170323914242463	2	0	0	0	0	0
10	39	train	49	0.0	0	3	0	0	0	0	0
79	103	train	70	0.0	0	3	0	0	0	0	0
47	85	train	80	0.0	0	3	0	0	0	0	0
9	81	train	77	0.058823529411764705	0.4170323914242463	2	0	0	0	0	0
20	97	train	56	0.0	0	3	1	1	0	0	0
44	98	train	90	0.0	0	3	0	0	0	0	0
33	63	train	72	0.0625	0.48089834696298783	2	0	0	0	0	0
14	36	train	64	0.14285714285714285	0.9151928288662396	2	1	1	0	0	0
73	89	train	70	0.0	0	3	0	0	0	0	0
31	70	train	80	0.058823529411764705	0.43429448190325176	2	0	0	0	0	0
0	22	train	80	0.058823529411764705	0.4170323914242463	2	1	1	0	1	0
7	102	train	56	0.0	0	3	0	0	0	0	0
16	60	train	99	0.0	0	3	0	0	0	0	0
87	108	train	70	0.0	0	3	0	0	0	0	0
25	41	train	56	0.0	0	3	0	0	0	0	0
41	110	train	64	0.0	0	3	0	0	0	0	0
22	91	train	56	0.0	0	3	0	0	0	0	0
48	59	train	42	0.0	0	3	0	1	0	1	0
45	104	train	108	0.0	0	3	0	0	0	0	0
2	48	train	72	0.0	0	4	0	0	0	0	0
1	38	train	110	0.0	0	3	0	0	0	0	0
3	78	train	90	0.0	0	4	0	0	0	0	0
46	76	train	90	0.0	0	4	0	0	0	0	0
38	93	train	110	0.05	0.4170323914242463	2	0	0	0	0	0
17	63	train	80	0.125	0.872152004737665	2	1	1	0	0	0
12	16	train	88	0.05555555555555555	0.4170323914242463	2	0	0	0	0	0
27	85	train	88	0.05555555555555555	0.45511961331341866	2	0	0	0	0	0
102	111	train	70	0.0	0	3	0	0	0	0	0
37	99	train	72	0.0	0	3	0	0	0	0	0
22	48	train	48	0.0	0	4	0	0	0	0	0
61	83	train	90	0.0	0	3	0	0	0	0	0
68	95	train	72	0.0	0	4	0	0	0	0	0
19	74	train	100	0.0	0	3	0	0	0	0	0
72	80	train	56	0.0	0	3	0	0	0	0	0
73	102	train	70	0.0	0	3	0	0	0	0	0
51	97	train	63	0.0	0	3	0	0	0	0	0
26	95	train	72	0.0625	0.4170323914242463	2	0	0	0	0	0
55	67	train	100	0.0	0	4	0	0	0	0	0
15	59	train	56	0.07142857142857142	0.45511961331341866	2	0	0	0	0	0
30	87	train	80	0.0	0	4	0	0	0	0	0
9	21	train	88	0.11764705882352941	0.9690179556831694	2	1	1	0	1	0
46	86	train	81	0.058823529411764705	0.40242960438184466	2	0	0	0	0	0
66	71	train	81	0.0	0	4	0	0	0	0	0
71	94	train	63	0.06666666666666667	0.48089834696298783	2	0	0	0	0	0
55	58	train	70	0.0625	0.5138983423697507	2	0	0	0	0	0
28	34	train	40	0.0	0	3	0	0	0	0	0
95	100	train	88	0.0	0	4	0	0	0	0	0
19	45	train	90	0.11764705882352941	0.9102392266268373	2	0	0	0	0	0
22	24	train	72	0.0	0	3	1	0	0	0	0
18	114	train	110	0.0	0	3	0	0	0	0	0
42	79	train	60	0.06666666666666667	0.45511961331341866	2	0	0	0	0	0
44	84	train	90	0.0	0	3	0	0	0	0	0
42	112	train	48	0.16666666666666666	0.9947966893327386	2	0	0	0	0	0
38	69	train	44	0.0	0	3	0	0	0	0	0
25	73	train	70	0.0625	0.40242960438184466	2	0	0	0	0	0
70	104	train	96	0.0	0	3	0	0	0	0	0
49	76	train	80	0.0	0	4	0	0	0	0	0
10	110	train	56	0.0	0	3	0	0	0	0	0
42	110	train	48	0.0	0	4	0	0	0	0	0
96	107	train	63	0.0	0	3	0	0	0	0	0
46	91	train	63	0.0	0	4	0	0	0	0	0
14	44	train	72	0.0	0	4	0	0	0	0	0
60	102	train	63	0.0	0	3	0	0	0	0	0
26	56	train	54	0.07142857142857142	0.4170323914242463	2	0	0	0	0	0
13	35	train	56	0.0	0	3	0	0	0	0	0
54	92	train	63	0.0	0	3	0	0	0	0	0
24	44	train	81	0.058823529411764705	0.45511961331341866	2	0	0	0	0	0
46	52	train	63	0.06666666666666667	0.40242960438184466	2	0	0	0	0	0
26	77	train	63	0.0	0	4	0	0	0	0	0
29	84	train	90	0.0	0	4	0	0	0	0	0
22	35	train	64	0.0	0	3	0	0	0	0	0
37	58	train	63	0.06666666666666667	0.48089834696298783	2	0	0	0	0	0
65	103	train	63	0.0	0	3	0	0	0	0	0
1	55	train	100	0.05263157894736842	0.5138983423697507	2	0	0	0	0	0
26	108	train	63	0.0	0	4	0	0	0	0	0
36	53	train	96	0.0	0	3	0	0	0	0	0
78	83	train	90	0.0	0	3	0	0	0	0	0
42	62	train	42	0.0	0	3	0	0	0	0	0
38	58	train	77	0.0	0	3	0	0	0	0	0
18	67	train	100	0.0	0	3	0	0	0	0	0
0	91	train	70	0.0625	0.43429448190325176	2	0	0	0	0	0
51	76	train	90	0.0	0	3	0	0	0	0	0
10	96	train	63	0.0	0	4	0	0	0	0	0
0	83	train	100	0.0	0	3	0	0	0	0	0
0	57	train	70	0.0625	0.43429448190325176	2	0	0	0	0	0
84	104	train	120	0.0	0	3	0	0	0	0	0
57	88	train	63	0.0	0	3	0	0	0	0	0
11	52	train	56	0.15384615384615385	0.8894140952166705	2	0	1	0	1	0
18	23	train	80	0.0	0	3	0	0	0	0	0
32	57	train	56	0.0	0	3	0	0	0	0	0
22	74	train	80	0.0	0	3	0	0	0	0	0
45	72	train	63	0.0	0	3	0	0	0	0	0
63	89	train	56	0.07142857142857142	0.48089834696298783	2	0	0	0	0	0
10	53	train	84	0.0	0	3	0	0	0	0	0
88	96	train	81	0.0	0	3	0	0	0	0	0
61	104	train	108	0.0	0	3	0	0	0	0	0
79	102	train	70	0.0	0	4	0	0	0	0	0
6	31	train	90	0.11764705882352941	0.9151928288662396	2	0	0	0	0	0
21	79	train	80	0.0	0	4	0	0	0	0	0
19	42	train	60	0.14285714285714285	0.8894140952166705	2	0	0	0	0	0
37	114	train	99	0.0	0	3	0	0	0	0	0
18	28	train	50	0.07142857142857142	0.4170323914242463	2	0	0	0	0	0
32	52	train	56	0.0	0	3	0	0	0	0	0
0	79	train	100	0.05263157894736842	0.48089834696298783	2	0	0	0	0	0
34	72	train	56	0.07142857142857142	0.45511961331341866	2	0	0	0	0	0
28	73	train	50	0.0	0	3	0	0	0	0	0
17	112	train	80	0.058823529411764705	0.45511961331341866	2	0	1	0	0	0
26	72	train	63	0.06666666666666667	0.43429448190325176	2	0	0	0	0	0
43	92	train	70	0.0	0	4	0	0	0	0	0
21	113	train	72	0.0625	0.48089834696298783	2	0	0	0	0	0
34	77	train	56	0.0	0	4	0	0	0	0	0
25	81	train	49	0.0	0	3	0	0	0	0	0
43	44	train	90	0.0	0	3	0	0	0	0	0
77	94	train	49	0.0	0	4	0	0	0	0	0
11	63	train	64	0.06666666666666667	0.5138983423697507	2	0	0	0	0	0
84	89	train	70	0.0	0	4	0	0	0	0	0
39	109	train	56	0.0	0	3	0	0	0	0	0
86	113	train	81	0.058823529411764705	0.43429448190325176	2	0	1	0	0	0
81	97	train	49	0.07692307692307693	0.43429448190325176	2	0	0	0	0	0
72	89	train	49	0.0	0	4	0	0	0	0	0
7	23	train	64	0.06666666666666667	0.48089834696298783	2	1	1	0	1	0
17	53	train	120	0.0	0	3	0	0	0	0	0
28	91	train	35	0.0	0	4	0	0	0	0	0
63	86	train	72	0.0625	0.5138983423697507	2	0	1	0	1	0
22	56	train	48	0.0	0	4	0	0	0	0	0
93	103	train	70	0.0	0	3	0	0	0	0	0
45	47	train	90	0.0	0	3	0	0	0	0	0
60	96	train	81	0.0	0	3	0	0	0	0	0
44	114	train	99	0.0	0	3	0	0	0	0	0
11	96	train	72	0.0	0	3	0	0	0	0	0
8	37	train	81	0.0	0	4	0	0	0	0	0
53	109	train	96	0.05263157894736842	0.5138983423697507	2	0	0	0	0	0
66	89	train	63	0.0	0	4	0	0	0	0	0
53	57	train	84	0.05555555555555555	0.45511961331341866	2	0	0	0	0	0
90	100	train	66	0.0	0	4	0	0	0	0	0
57	58	train	49	0.0	0	3	0	1	0	1	0
8	83	train	90	0.0	0	3	0	0	0	0	0
5	82	train	81	0.058823529411764705	0.43429448190325176	2	0	0	0	0	0
85	103	train	56	0.0	0	4	0	0	0	0	0
71	114	train	99	0.0	0	3	0	0	0	0	0
45	60	train	81	0.058823529411764705	0.5138983423697507	2	0	0	0	0	0
61	79	train	90	0.11764705882352941	0.8685889638065035	2	0	0	0	0	0
56	97	train	42	0.0	0	3	1	1	0	0	0
47	52	train	70	0.0	0	3	0	0	0	0	0
16	78	train	99	0.05263157894736842	0.48089834696298783	2	1	1	0	1	0
30	37	train	72	0.0	0	3	0	0	0	0	0
7	101	train	56	0.0	0	3	0	0	0	0	0
30	39	train	56	0.07142857142857142	0.45511961331341866	2	0	0	0	0	0
73	104	train	120	0.1	0.8513268733274981	2	0	0	0	0	0
52	71	train	63	0.06666666666666667	0.5138983423697507	2	0	0	0	0	0
42	78	train	54	0.0	0	4	0	0	0	0	0
70	110	train	64	0.0	0	4	0	0	0	0	0
33	80	train	72	0.0	0	3	0	0	0	0	0
45	66	train	81	0.058823529411764705	0.45511961331341866	2	0	0	0	0	0
91	108	train	49	0.0	0	3	0	0	0	0	0
26	37	train	81	0.0	0	3	0	0	0	0	0
49	92	train	56	0.0	0	3	0	0	0	0	0
33	48	train	54	0.0	0	3	0	0	0	0	0
14	35	train	64	0.0	0	3	0	0	0	0	0
55	99	train	80	0.125	0.8894140952166705	2	0	0	0	0	0
35	56	train	48	0.0	0	3	0	0	0	0	0
4	59	train	56	0.0	0	4	0	0	0	0	0
10	29	train	63	0.0	0	4	0	0	0	0	0
22	62	train	56	0.0	0	4	0	0	0	0	0
18	107	train	70	0.0	0	3	0	0	0	0	0
13	61	train	63	0.0	0	3	0	0	0	0	0
76	100	train	110	0.0	0	4	0	0	0	0	0
38	92	train	77	0.0	0	3	0	0	0	0	0
16	114	train	121	0.1	0.8367240862850964	2	0	0	0	0	0
0	42	train	60	0.0	0	3	0	0	0	0	0
49	105	train	56	0.0	0	4	0	0	0	0	0
38	64	train	121	0.0	0	3	0	0	0	0	0
4	63	train	64	0.0	0	3	0	0	0	0	0
30	76	train	80	0.0	0	3	0	0	0	0	0
35	45	train	72	0.0625	0.45511961331341866	2	0	0	0	0	0
40	96	train	54	0.0	0	4	0	0	0	0	0
47	72	train	70	0.0625	0.40242960438184466	2	0	0	0	0	0
9	25	train	77	0.0	0	3	0	0	0	0	0
36	101	train	56	0.07142857142857142	0.5138983423697507	2	0	0	0	0	0
8	27	train	99	0.0	0	4	0	0	0	0	0
14	68	train	72	0.0	0	3	0	0	0	0	0
63	103	train	56	0.0	0	3	0	0	0	0	0
39	49	train	56	0.0	0	3	0	0	0	0	0
68	79	train	90	0.0	0	4	0	0	0	0	0
17	73	train	100	0.0	0	3	0	0	0	0	0
27	66	train	99	0.1111111111111111	0.8894140952166705	2	0	1	0	0	0
2	30	train	96	0.0	0	3	0	0	0	0	0
62	98	train	70	0.0	0	4	0	0	0	0	0
25	52	train	49	0.07692307692307693	0.40242960438184466	2	0	0	0	0	0
27	32	train	88	0.0	0	3	0	0	0	0	0
3	30	train	80	0.0	0	3	0	0	0	0	0
78	99	train	72	0.0	0	4	0	0	0	0	0
6	54	train	81	0.125	0.9481928242730024	2	0	0	0	0	0
7	15	train	64	0.06666666666666667	0.45511961331341866	2	0	0	0	0	0
17	42	train	60	0.0	0	3	0	0	0	0	0
7	105	train	56	0.0	0	4	0	0	0	0	0
46	113	train	81	0.0	0	4	0	0	0	0	0
26	78	train	81	0.0	0	3	0	0	0	0	0
56	89	train	42	0.0	0	3	0	0	0	0	0
8	69	train	36	0.0	0	3	1	0	0	0	0
93	98	train	100	0.0	0	3	0	0	0	0	0
11	92	train	56	0.0	0	3	0	0	0	0	0
28	30	train	40	0.0	0	4	0	0	0	0	0
67	79	train	100	0.0	0	4	0	0	0	0	0
59	71	train	63	0.06666666666666667	0.45511961331341866	2	0	0	0	0	0
15	25	train	56	0.07142857142857142	0.45511961331341866	2	0	0	0	0	0
35	86	train	72	0.0	0	3	0	0	0	0	0
15	54	train	72	0.0	0	3	0	0	0	0	0
35	50	train	40	0.0	0	3	0	0	0	0	0
67	82	train	90	0.0	0	3	0	0	0	0	0
23	108	train	56	0.25	1.3064464866409167	2	1	1	0	1	0
37	94	train	63	0.0	0	3	0	0	0	0	0
52	111	train	70	0.0	0	3	0	0	0	0	0
88	99	train	72	0.0	0	4	0	0	0	0	0
70	94	train	56	0.0	0	4	0	0	0	0	0
88	102	train	63	0.06666666666666667	0.5138983423697507	2	0	0	0	0	0
10	36	train	56	0.0	0	3	0	0	0	0	0
53	65	train	108	0.0	0	3	0	0	0	0	0
66	87	train	90	0.1875	1.365358839940256	2	0	1	0	0	0
72	96	train	63	0.0	0	3	0	0	0	0	0
1	31	train	100	0.0	0	3	0	0	0	0	0
88	106	train	81	0.0	0	3	0	0	0	0	0
15	113	train	72	0.0	0	3	0	0	0	0	0
8	66	train	81	0.0	0	3	0	0	0	0	0
46	89	train	63	0.0	0	3	0	0	0	0	0
40	99	train	48	0.0	0	3	0	0	0	0	0
52	110	train	56	0.07142857142857142	0.40242960438184466	2	0	0	0	0	0
60	95	train	72	0.0	0	3	0	0	0	0	0
58	83	train	70	0.0625	0.4170323914242463	2	0	0	0	0	0
10	91	train	49	0.0	0	4	0	0	0	0	0
17	98	train	100	0.0	0	3	0	0	0	0	0
19	110	train	80	0.0	0	3	0	0	0	0	0
68	112	train	72	0.0	0	4	0	0	0	0	0
3	82	train	90	0.11764705882352941	0.9481928242730024	2	0	0	0	0	0
18	109	train	80	0.0	0	3	0	0	0	0	0
1	69	train	40	0.0	0	3	0	0	0	0	0
76	87	train	100	0.3333333333333333	2.3859342629225635	2	1	1	1	1	0
64	76	train	110	0.0	0	3	0	0	0	0	0
43	63	train	80	0.0	0	3	0	0	0	0	0
51	109	train	72	0.0	0	4	0	0	0	0	0
20	108	train	56	0.07142857142857142	0.48089834696298783	2	0	0	0	0	0
12	96	train	72	0.0	0	3	0	0	0	0	0
42	98	train	60	0.0	0	3	0	0	0	0	0
23	100	train	88	0.0	0	3	0	0	0	0	0
2	85	train	96	0.05263157894736842	0.48089834696298783	2	0	0	0	0	0
54	72	train	63	0.06666666666666667	0.45511961331341866	2	0	0	0	0	0
3	44	train	90	0.0	0	4	0	0	0	0	0
38	76	train	110	0.0	0	3	0	0	0	0	0
9	90	train	66	0.13333333333333333	0.8894140952166705	2	1	0	0	0	0
43	62	train	70	0.0625	0.48089834696298783	2	0	0	0	0	0
60	114	train	99	0.05263157894736842	0.48089834696298783	2	0	0	0	0	0
53	77	train	84	0.05555555555555555	0.43429448190325176	2	0	0	0	0	0
28	56	train	30	0.0	0	4	0	0	0	0	0
10	106	train	63	0.06666666666666667	0.45511961331341866	2	0	0	0	0	0
41	78	train	72	0.13333333333333333	0.9360179602764065	2	1	1	0	1	0
96	101	train	63	0.0	0	3	0	0	0	0	0
60	84	train	90	0.05555555555555555	0.5138983423697507	2	0	0	0	0	0
9	48	train	66	0.0	0	4	0	0	0	0	0
34	58	train	56	0.0	0	3	0	0	0	0	0
68	92	train	63	0.06666666666666667	0.48089834696298783	2	0	0	0	0	0
60	110	train	72	0.0625	0.5138983423697507	2	0	0	0	0	0
25	111	train	70	0.0	0	3	0	0	0	0	0
110	111	train	80	0.0	0	3	0	0	0	0	0
86	106	train	81	0.058823529411764705	0.5138983423697507	2	0	0	0	0	0
62	102	train	49	0.0	0	3	0	0	0	0	0
32	33	train	72	0.0	0	3	0	0	0	0	0
13	77	train	49	0.0	0	3	0	0	0	0	0
86	90	train	54	0.0	0	3	0	0	0	0	0
21	90	train	48	0.07692307692307693	0.45511961331341866	2	1	0	0	0	0
99	111	train	80	0.0	0	3	0	0	0	0	0
36	78	train	72	0.0	0	4	0	0	0	0	0
59	88	train	63	0.06666666666666667	0.5138983423697507	2	0	0	0	0	0
18	108	train	70	0.0	0	4	0	0	0	0	0
71	104	train	108	0.05	0.5138983423697507	2	0	0	0	0	0
51	99	train	72	0.0	0	4	0	0	0	0	0
4	67	train	80	0.2	1.3003603427690789	2	0	0	0	0	0
54	82	train	81	0.058823529411764705	0.5138983423697507	2	0	0	0	0	0
15	56	train	48	0.0	0	3	0	0	0	0	0
3	6	train	90	0.05555555555555555	0.40242960438184466	2	0	0	0	0	0
37	79	train	90	0.0	0	3	0	0	0	0	0
20	46	train	72	0.0	0	3	0	0	0	0	0
61	102	train	63	0.0	0	3	0	0	0	0	0
17	114	train	110	0.05	0.5138983423697507	2	0	0	0	0	0
34	88	train	72	0.0	0	4	0	0	0	0	0
71	95	train	72	0.0	0	4	0	0	0	0	0
12	50	train	40	0.0	0	3	0	0	0	0	0
23	24	train	72	0.0	0	3	1	0	0	0	0
53	101	train	84	0.0	0	3	0	0	0	0	0
24	88	train	81	0.058823529411764705	0.48089834696298783	2	0	0	0	0	0
23	50	train	40	0.0	0	3	1	0	0	0	0
40	44	train	54	0.0	0	3	0	0	0	0	0
15	70	train	64	0.0	0	4	0	0	0	0	0
8	15	train	72	0.0	0	3	0	0	0	0	0
18	87	train	100	0.0	0	3	0	0	0	0	0
30	78	train	72	0.0	0	4	0	0	0	0	0
55	63	train	80	0.0	0	3	0	0	0	0	0
75	84	train	80	0.058823529411764705	0.5138983423697507	2	0	0	0	0	0
18	65	train	90	0.0	0	3	0	0	0	0	0
48	76	train	60	0.23076923076923078	1.391137573589825	2	0	1	0	0	0
1	62	train	70	0.13333333333333333	0.872152004737665	2	0	0	0	0	0
14	92	train	56	0.0	0	3	0	0	0	0	0
75	97	train	56	0.15384615384615385	0.9360179602764065	2	0	1	0	1	0
60	93	train	90	0.0	0	3	0	0	0	0	0
1	113	train	90	0.0	0	3	0	0	0	0	0
29	67	train	90	0.0	0	4	0	0	0	0	0
61	109	train	72	0.0	0	3	0	0	0	0	0
30	31	train	80	0.058823529411764705	0.43429448190325176	2	0	0	0	0	0
28	37	train	45	0.0	0	4	0	0	0	0	0
15	75	train	64	0.06666666666666667	0.5138983423697507	2	0	0	0	0	0
75	104	train	96	0.0	0	3	0	0	0	0	0
6	15	train	72	0.3076923076923077	1.7554799560824974	2	1	1	1	1	0
93	100	train	110	0.05	0.45511961331341866	2	0	0	0	0	0
24	109	train	72	0.0	0	4	0	0	0	0	0
34	103	train	56	0.0	0	4	0	0	0	0	0
67	106	train	90	0.0	0	3	0	0	0	0	0
53	89	train	84	0.05555555555555555	0.5138983423697507	2	0	0	0	0	0
38	65	train	99	0.0	0	3	0	0	0	0	0
37	50	train	45	0.0	0	4	0	0	0	0	0
21	92	train	56	0.0	0	3	0	0	0	0	0
59	72	train	49	0.0	0	3	0	0	0	0	0
40	68	train	54	0.07142857142857142	0.45511961331341866	2	0	0	0	0	0
78	102	train	63	0.0	0	3	0	0	0	0	0
32	96	train	72	0.0	0	4	0	0	0	0	0
10	43	train	70	0.0	0	4	0	0	0	0	0
24	85	train	72	0.0	0	3	0	0	0	0	0
17	29	train	90	0.0	0	3	0	0	0	0	0
12	25	train	56	0.0	0	3	0	0	0	0	0
12	53	train	96	0.0	0	3	0	0	0	0	0
38	89	train	77	0.0	0	3	0	0	0	0	0
99	107	train	56	0.0	0	3	0	0	0	0	0
10	15	train	56	0.07142857142857142	0.45511961331341866	2	0	0	0	0	0
48	102	train	42	0.0	0	3	0	0	0	0	0
27	74	train	110	0.0	0	3	0	0	0	0	0
16	74	train	110	0.0	0	3	0	0	0	0	0
43	112	train	80	0.0	0	4	0	0	0	0	0
17	24	train	90	0.05555555555555555	0.43429448190325176	2	0	0	0	0	0
41	53	train	96	0.05263157894736842	0.43429448190325176	2	0	0	0	0	0
4	19	train	80	0.0	0	3	0	0	0	0	0
48	113	train	54	0.07142857142857142	0.45511961331341866	2	0	1	0	0	0
36	70	train	64	0.14285714285714285	0.9151928288662396	2	0	0	0	0	0
89	100	train	77	0.0	0	3	0	0	0	0	0
85	112	train	64	0.0	0	3	0	0	0	0	0
58	80	train	56	0.0	0	3	0	0	0	0	0
39	78	train	63	0.0	0	3	0	0	0	0	0
42	59	train	42	0.08333333333333333	0.48089834696298783	2	0	0	0	0	0
28	52	train	35	0.0	0	3	0	1	0	1	0
51	57	train	63	0.0	0	4	0	0	0	0	0
23	61	train	72	0.0	0	3	0	0	0	0	0
3	45	train	90	0.0	0	3	0	0	0	0	0
43	87	train	100	0.0	0	3	0	0	0	0	0
7	39	train	56	0.15384615384615385	0.9102392266268373	2	0	0	0	0	0
85	114	train	88	0.0	0	3	0	0	0	0	0
38	100	train	121	0.047619047619047616	0.5138983423697507	2	0	0	0	0	0
54	114	train	99	0.0	0	4	0	0	0	0	0
82	109	train	72	0.0	0	3	0	0	0	0	0
70	71	train	72	0.0	0	3	0	0	0	0	0
54	65	train	81	0.0	0	4	0	0	0	0	0
16	18	train	110	0.05	0.4170323914242463	2	0	0	0	0	0
12	73	train	80	0.0	0	3	0	0	0	0	0
11	88	train	72	0.0	0	3	0	0	0	0	0
80	107	train	56	0.0	0	3	0	0	0	0	0
23	85	train	64	0.0	0	3	0	0	0	0	0
91	111	train	70	0.0	0	3	0	0	0	0	0
47	106	train	90	0.46153846153846156	2.724497911765667	2	1	1	1	1	0
13	111	train	70	0.0625	0.4170323914242463	2	0	0	0	0	0
24	48	train	54	0.07142857142857142	0.45511961331341866	2	0	0	0	0	0
42	70	train	48	0.0	0	3	0	0	0	0	0
5	106	train	81	0.0	0	3	0	0	0	0	0
55	112	train	80	0.0	0	3	0	0	0	0	0
75	89	train	56	0.0	0	4	0	0	0	0	0
14	97	train	56	0.0	0	4	0	0	0	0	0
9	71	train	99	0.0	0	3	0	0	0	0	0
33	98	train	90	0.0	0	4	0	0	0	0	0
46	48	train	54	0.07142857142857142	0.40242960438184466	2	0	0	0	0	0
12	21	train	64	0.0	0	3	0	0	0	0	0
19	67	train	100	0.0	0	4	0	0	0	0	0
68	82	train	81	0.058823529411764705	0.48089834696298783	2	0	0	0	0	0
47	75	train	80	0.0	0	4	0	0	0	0	0
15	93	train	80	0.0	0	3	0	0	0	0	0
53	71	train	108	0.0	0	3	0	0	0	0	0
62	73	train	70	0.0	0	4	0	0	0	0	0
38	70	train	88	0.05555555555555555	0.43429448190325176	2	0	0	0	0	0
0	24	train	90	0.05555555555555555	0.5581106265512472	2	1	0	0	0	0
14	23	train	64	0.0	0	3	0	0	0	0	0
45	61	train	81	0.0	0	4	0	0	0	0	0
18	113	train	90	0.0	0	3	0	0	0	0	0
31	83	train	100	0.0	0	3	0	0	0	0	0
41	64	train	88	0.05555555555555555	0.4170323914242463	2	0	0	0	0	0
33	41	train	72	0.0	0	3	0	0	0	0	0
5	102	train	63	0.23076923076923078	1.3028834457097553	2	1	1	1	1	0
22	27	train	88	0.0	0	4	0	0	0	0	0
25	75	train	56	0.0	0	3	0	0	0	0	0
38	60	train	99	0.05263157894736842	0.45511961331341866	2	0	0	0	0	0
0	21	train	80	0.0	0	3	1	1	0	1	0
51	101	test	63	0.0	0	5	0	0	0	0	1
37	80	test	72	0.0	0	4	0	0	0	0	1
29	82	test	81	0.125	0.9947966893327386	2	1	1	0	0	1
48	57	test	42	0.08333333333333333	0.45511961331341866	2	1	1	1	1	1
30	109	test	64	0.06666666666666667	0.43429448190325176	2	0	0	0	0	1
67	110	test	80	0.38461538461538464	2.1431705729260133	2	1	1	1	1	1
33	103	test	63	0.6	2.8862287356393415	2	1	1	1	1	1
4	28	test	40	0.0	0	3	1	0	0	0	1
103	109	test	56	0.5	2.4311091223259225	2	1	1	1	1	1
62	105	test	49	0.07692307692307693	0.45511961331341866	2	0	0	0	0	1
44	57	test	63	0.14285714285714285	0.9947966893327386	2	1	1	1	1	1
14	71	test	72	0.21428571428571427	1.3530503517006527	2	1	1	0	1	1
94	101	test	49	0.2727272727272727	1.3703124421796582	2	1	1	1	1	1
72	81	test	49	0.07692307692307693	0.43429448190325176	2	1	1	1	1	1
7	111	test	80	0.2857142857142857	1.905035915959576	2	1	1	1	1	1
50	51	test	45	0.07692307692307693	0.45511961331341866	2	1	0	0	0	1
58	63	test	56	0.15384615384615385	1.0277966847395015	2	1	1	1	1	1
15	47	test	80	0.2857142857142857	1.7554799560824974	2	1	1	1	1	1
22	68	test	72	0.21428571428571427	1.391137573589825	2	1	1	1	1	1
15	39	test	56	0.15384615384615385	0.872152004737665	2	1	1	1	1	1
56	87	test	60	0.23076923076923078	1.391137573589825	2	1	1	1	1	1
12	17	test	80	0.0	0	3	0	0	0	0	1
37	109	test	72	0.5454545454545454	2.8862287356393415	2	1	1	1	1	1
49	67	test	80	0.5	2.598290186239432	2	1	1	1	1	1
48	92	test	42	0.3	1.391137573589825	2	1	1	1	1	1
69	88	test	36	0.0	0	3	0	0	0	0	1
88	89	test	63	0.0	0	3	0	0	0	0	1
77	82	test	63	0.0	0	3	0	0	0	0	1
39	60	test	63	0.14285714285714285	0.8894140952166705	2	1	1	1	1	1
70	95	test	64	0.45454545454545453	2.3784554555619146	2	1	1	1	1	1
5	97	test	63	0.14285714285714285	0.9151928288662396	2	0	0	0	0	1
50	78	test	45	0.16666666666666666	1.0764545478730305	2	1	0	0	0	1
11	28	test	40	0.18181818181818182	1.0764545478730305	2	1	1	1	1	1
23	90	test	48	0.0	0	3	1	0	0	0	1
28	113	test	45	0.0	0	3	0	0	0	0	1
12	18	test	80	0.2	1.378829085350222	2	1	1	0	1	1
6	60	test	81	0.2857142857142857	1.7088760910227614	2	1	1	1	1	1
10	107	test	49	0.16666666666666666	0.8685889638065035	2	1	1	1	1	1
29	80	test	72	0.21428571428571427	1.4620911666427532	2	1	1	0	1	1
14	15	test	64	0.06666666666666667	0.40242960438184466	2	0	0	0	0	1
21	22	test	64	0.3333333333333333	1.905035915959576	2	1	1	1	1	1
25	105	test	49	0.5555555555555556	2.4189342583293265	2	1	1	1	1	1
83	88	test	90	0.5833333333333334	3.1049672668519888	2	1	1	1	1	1
52	84	test	70	0.3076923076923077	1.7580030590231739	2	1	1	1	1	1
69	95	test	32	0.0	0	3	0	0	0	0	1
35	92	test	56	0.0	0	3	0	0	0	0	1
19	101	test	70	0.4166666666666667	2.285505271045898	2	1	1	1	1	1
7	77	test	56	0.25	1.3960911758292274	2	1	1	1	1	1
20	65	test	72	0.3076923076923077	1.80460692408291	2	1	1	1	1	1
40	41	test	48	0.0	0	3	0	0	0	0	1
40	72	test	42	0.3	1.4620911666427532	2	1	1	1	1	1
7	78	test	72	0.3076923076923077	1.905035915959576	2	1	1	1	1	1
3	40	test	60	0.23076923076923078	1.4620911666427532	2	1	1	1	1	1
0	41	test	80	0.38461538461538464	2.151687216096577	2	1	1	1	1	1
30	50	test	40	0.0	0	4	0	0	0	0	1
28	69	test	20	0.125	0.45511961331341866	2	1	1	1	1	1
52	102	test	49	0.4	1.8609940722610026	2	1	1	1	1	1
31	54	test	90	0.46153846153846156	2.7406248843593164	2	1	1	1	1	1
59	66	test	63	0.06666666666666667	0.43429448190325176	2	0	1	0	1	1
35	94	test	56	0.36363636363636365	1.80460692408291	2	1	1	1	1	1
48	98	test	60	0.0	0	3	0	0	0	0	1
40	81	test	42	0.08333333333333333	0.43429448190325176	2	1	1	1	1	1
10	102	test	49	0.16666666666666666	0.8685889638065035	2	1	1	1	1	1
3	58	test	70	0.0	0	3	0	0	0	0	1
4	108	test	56	0.07142857142857142	0.4170323914242463	2	1	1	0	1	1
13	32	test	56	0.15384615384615385	0.8340647828484926	2	1	1	1	1	1
79	94	test	70	0.4166666666666667	2.285505271045898	2	1	1	1	1	1
22	108	test	56	0.36363636363636365	1.8081699650140715	2	1	1	1	1	1
72	102	test	49	0.2727272727272727	1.3824873061762544	2	1	1	1	1	1
69	70	test	32	0.0	0	4	0	0	0	0	1
13	106	test	63	0.23076923076923078	1.2745816091195097	2	1	1	1	1	1
70	103	test	56	0.0	0	3	0	0	0	0	1
8	77	test	63	0.45454545454545453	2.306330402456065	2	1	1	1	1	1
66	91	test	63	0.23076923076923078	1.4499163026461572	2	1	1	1	1	1
21	32	test	64	0.0	0	3	0	0	0	0	1
50	69	test	20	0.2857142857142857	0.9360179602764065	2	1	1	1	1	1
44	86	test	81	0.2	1.4941285868276537	2	1	1	1	1	1
32	39	test	56	0.36363636363636365	1.7615660999543354	2	1	1	1	1	1
13	15	test	56	0.25	1.2745816091195097	2	1	1	1	1	1
4	23	test	64	0.45454545454545453	2.151687216096577	2	1	1	1	1	1
80	105	test	56	0.0	0	3	0	0	0	0	1
81	107	test	49	0.16666666666666666	0.8685889638065035	2	1	1	1	1	1
1	89	test	70	0.4166666666666667	2.4189342583293265	2	1	1	1	1	1
92	112	test	56	0.36363636363636365	1.963814645015908	2	1	1	1	1	1
26	34	test	72	0.21428571428571427	1.4941285868276537	2	1	1	0	1	1
42	43	test	60	0.06666666666666667	0.45511961331341866	2	1	1	0	1	1
1	25	test	70	0.3076923076923077	1.905035915959576	2	1	1	1	1	1
8	68	test	81	0.38461538461538464	2.306330402456065	2	1	1	1	1	1
10	72	test	49	0.07692307692307693	0.43429448190325176	2	1	1	1	1	1
34	35	test	64	0.0	0	3	0	0	0	0	1
73	74	test	100	0.0	0	3	0	0	0	0	1
46	110	test	72	0.4166666666666667	2.1431705729260133	2	1	1	1	1	1
69	90	test	24	0.1111111111111111	0.45511961331341866	2	1	1	1	1	1
77	108	test	49	0.4	1.825432055493077	2	1	1	1	1	1
57	75	test	56	0.25	1.4499163026461572	2	1	1	1	1	1
61	62	test	63	0.0	0	3	0	0	0	0	1
24	25	test	63	0.0	0	3	0	0	0	0	1
48	49	test	48	0.07692307692307693	0.40242960438184466	2	0	0	0	0	1
21	46	test	72	0.0625	0.43429448190325176	2	0	0	0	0	1
6	85	test	72	0.0	0	3	0	0	0	0	1
6	58	test	63	0.0	0	3	0	0	0	0	1
45	89	test	63	0.45454545454545453	2.4189342583293265	2	1	1	1	1	1
34	99	test	64	0.45454545454545453	2.2339478037467595	2	1	1	1	1	1
7	40	test	48	0.0	0	3	0	0	0	0	1
61	92	test	63	0.0	0	4	0	0	0	0	1
5	107	test	63	0.14285714285714285	0.8685889638065035	2	1	1	1	1	1
69	91	test	28	0.0	0	3	0	0	0	0	1
20	75	test	64	0.06666666666666667	0.43429448190325176	2	0	1	0	0	1
65	96	test	81	0.38461538461538464	2.2988515950954156	2	1	1	1	1	1
0	23	test	80	0.2857142857142857	1.670788869133589	2	1	1	1	1	1
89	99	test	56	0.0	0	3	0	0	0	0	1
20	62	test	56	0.36363636363636365	1.783781792672743	2	1	1	1	1	1
5	81	test	63	0.3333333333333333	1.816781788079506	2	1	1	1	1	1
86	91	test	63	0.23076923076923078	1.5086950317024894	2	1	1	1	1	1
56	76	test	60	0.3333333333333333	1.8339486986636406	2	1	1	1	1	1
48	91	test	42	0.08333333333333333	0.45511961331341866	2	1	1	1	1	1
30	55	test	80	0.5	2.8324036088224114	2	1	1	1	1	1
49	110	test	64	0.45454545454545453	2.1431705729260133	2	1	1	1	1	1
25	45	test	63	0.3333333333333333	1.905035915959576	2	1	1	1	1	1
11	90	test	48	0.2727272727272727	1.531574161186449	2	1	1	1	1	1
13	39	test	49	0.07692307692307693	0.4170323914242463	2	1	1	1	1	1
56	62	test	42	0.3	1.378829085350222	2	1	1	1	1	1
56	106	test	54	0.0	0	3	0	0	0	0	1
52	112	test	56	0.0	0	3	0	0	0	0	1
15	22	test	64	0.0	0	3	0	0	0	0	0
16	99	test	88	0.0	0	3	0	0	0	0	0
86	93	test	90	0.05555555555555555	0.48089834696298783	2	0	0	0	0	0
36	93	test	80	0.0	0	4	0	0	0	0	0
36	69	test	32	0.0	0	4	0	0	0	0	0
28	100	test	55	0.0	0	3	0	0	0	0	0
41	94	test	56	0.0	0	3	0	0	0	0	0
64	68	test	99	0.05263157894736842	0.43429448190325176	2	0	0	0	0	0
17	26	test	90	0.05555555555555555	0.4170323914242463	2	0	0	0	0	0
90	96	test	54	0.0	0	3	0	0	0	0	0
29	63	test	72	0.0625	0.5581106265512472	2	0	0	0	0	0
10	28	test	35	0.0	0	3	0	1	0	1	0
92	94	test	49	0.0	0	3	0	0	0	0	0
13	89	test	49	0.0	0	3	0	0	0	0	0
15	78	test	72	0.0625	0.45511961331341866	2	0	0	0	0	0
49	68	test	72	0.0	0	3	0	0	0	0	0
35	102	test	56	0.0	0	4	0	0	0	0	0
23	103	test	56	0.0	0	4	0	0	0	0	0
43	89	test	70	0.0	0	3	0	0	0	0	0
44	76	test	90	0.11764705882352941	0.9360179602764065	2	0	1	0	0	0
76	97	test	70	0.0625	0.5138983423697507	2	1	1	0	0	0
7	114	test	88	0.05555555555555555	0.43429448190325176	2	0	0	0	0	0
81	89	test	49	0.0	0	4	0	0	0	0	0
85	90	test	48	0.0	0	3	0	0	0	0	0
99	112	test	64	0.0	0	4	0	0	0	0	0
7	41	test	64	0.06666666666666667	0.45511961331341866	2	1	1	0	1	0
8	54	test	81	0.0	0	4	0	0	0	0	0
25	34	test	56	0.0	0	4	0	0	0	0	0
4	57	test	56	0.0	0	3	0	0	0	0	0
47	86	test	90	0.0	0	3	0	0	0	0	0
86	102	test	63	0.0	0	3	0	0	0	0	0
37	75	test	72	0.0	0	3	0	0	0	0	0
9	75	test	88	0.0	0	4	0	0	0	0	0
76	84	test	100	0.0	0	3	0	0	0	0	0
65	104	test	108	0.10526315789473684	0.8685889638065035	2	0	0	0	0	0
14	51	test	72	0.0	0	4	0	0	0	0	0
28	57	test	35	0.0	0	4	0	0	0	0	0
35	68	test	72	0.0	0	4	0	0	0	0	0
16	66	test	99	0.0	0	3	0	0	0	0	0
74	97	test	70	0.0	0	3	0	0	0	0	0
37	83	test	90	0.0	0	3	0	0	0	0	0
34	109	test	64	0.0	0	3	0	0	0	0	0
92	99	test	56	0.0	0	3	0	0	0	0	0
25	39	test	49	0.07692307692307693	0.45511961331341866	2	0	0	0	0	0
84	97	test	70	0.0625	0.43429448190325176	2	0	0	0	0	0
28	55	test	50	0.0	0	3	0	0	0	0	0
58	89	test	49	0.0	0	3	0	0	0	0	0
1	22	test	80	0.0	0	3	0	0	0	0	0
39	85	test	56	0.07142857142857142	0.4170323914242463	2	0	0	0	0	0
34	87	test	80	0.0	0	4	0	0	0	0	0
6	34	test	72	0.0	0	3	0	0	0	0	0
42	82	test	54	0.0	0	3	0	0	0	0	0
35	36	test	64	0.06666666666666667	0.43429448190325176	2	0	0	0	0	0
36	80	test	64	0.0	0	3	0	0	0	0	0
50	60	test	45	0.0	0	3	0	0	0	0	0
70	84	test	80	0.0	0	4	0	0	0	0	0
10	47	test	70	0.0625	0.45511961331341866	2	0	0	0	0	0
24	29	test	81	0.0	0	4	0	0	0	0	0
30	70	test	64	0.0	0	3	0	0	0	0	0
51	75	test	72	0.0	0	3	0	0	0	0	0
21	109	test	64	0.0	0	4	0	0	0	0	0
60	61	test	81	0.125	0.8894140952166705	2	0	0	0	0	0
79	82	test	90	0.11764705882352941	0.9617966939259757	2	1	1	0	0	0
13	36	test	56	0.07142857142857142	0.48089834696298783	2	0	0	0	0	0
2	84	test	120	0.1	0.8685889638065035	2	0	0	0	0	0
21	28	test	40	0.0	0	3	1	0	0	0	0
43	68	test	90	0.0	0	4	0	0	0	0	0
21	45	test	72	0.0	0	4	0	0	0	0	0
51	86	test	81	0.0	0	4	0	0	0	0	0
7	50	test	40	0.08333333333333333	0.45511961331341866	2	1	0	0	0	0
13	70	test	56	0.0	0	3	0	0	0	0	0
40	75	test	48	0.07692307692307693	0.5138983423697507	2	0	0	0	0	0
50	83	test	50	0.0	0	3	0	0	0	0	0
26	41	test	72	0.0	0	3	0	0	0	0	0
41	52	test	56	0.0	0	3	0	0	0	0	0
16	96	test	99	0.05263157894736842	0.43429448190325176	2	0	0	0	0	0
62	92	test	49	0.0	0	3	0	1	0	0	0
16	47	test	110	0.0	0	3	0	0	0	0	0
3	95	test	80	0.0	0	3	0	0	0	0	0
72	109	test	56	0.0	0	4	0	0	0	0	0
33	93	test	90	0.05555555555555555	0.43429448190325176	2	0	0	0	0	0
47	112	test	80	0.0	0	3	0	0	0	0	0
18	69	test	40	0.0	0	4	0	0	0	0	0
73	78	test	90	0.05555555555555555	0.5138983423697507	2	0	0	0	0	0
2	52	test	84	0.1875	1.3824873061762544	2	0	0	0	0	0
62	69	test	28	0.0	0	3	0	0	0	0	0
25	76	test	70	0.0	0	3	0	0	0	0	0
90	103	test	42	0.0	0	3	0	0	0	0	0
8	25	test	63	0.0	0	4	0	0	0	0	0
60	76	test	90	0.05555555555555555	0.5138983423697507	2	0	0	0	0	0
2	11	test	96	0.05263157894736842	0.43429448190325176	2	0	0	0	0	0
59	85	test	56	0.0	0	3	0	0	0	0	0
11	83	test	80	0.058823529411764705	0.7213475204444817	2	0	0	0	0	0
6	76	test	90	0.0	0	4	0	0	0	0	0
8	97	test	63	0.0	0	4	0	0	0	0	0
0	84	test	100	0.0	0	3	0	0	0	0	0
3	54	test	90	0.0	0	3	0	0	0	0	0
8	106	test	81	0.0	0	3	0	0	0	0	0
67	90	test	60	0.0	0	3	0	0	0	0	0
42	106	test	54	0.0	0	3	0	0	0	0	0
3	36	test	80	0.0	0	3	0	0	0	0	0
95	110	test	64	0.0	0	3	0	0	0	0	0
37	46	test	81	0.0	0	3	0	0	0	0	0
5	40	test	54	0.25	1.3824873061762544	2	1	1	1	1	0
29	78	test	81	0.0	0	4	0	0	0	0	0
0	92	test	70	0.0	0	3	0	0	0	0	0
1	41	test	80	0.0	0	3	0	0	0	0	0
63	72	test	56	0.0	0	3	0	0	0	0	0
86	88	test	81	0.058823529411764705	0.40242960438184466	2	0	0	0	0	0
72	98	test	70	0.13333333333333333	1.0277966847395015	2	1	1	1	1	0
10	19	test	70	0.0	0	4	0	0	0	0	0
33	61	test	81	0.0	0	3	0	0	0	0	0
18	62	test	70	0.0	0	4	0	0	0	0	0
8	93	test	90	0.11764705882352941	0.8979307383872341	2	1	1	0	1	0
10	65	test	63	0.0	0	4	0	0	0	0	0
68	101	test	63	0.0	0	4	0	0	0	0	0
17	23	test	80	0.058823529411764705	0.4170323914242463	2	0	0	0	0	0
44	99	test	72	0.0	0	3	0	0	0	0	0
66	83	test	90	0.0	0	3	0	0	0	0	0
20	26	test	72	0.0	0	3	0	0	0	0	0
84	91	test	70	0.0	0	4	0	0	0	0	0
67	78	test	90	0.05555555555555555	0.45511961331341866	2	0	0	0	0	0
14	80	test	64	0.06666666666666667	0.48089834696298783	2	0	0	0	0	0
26	93	test	90	0.0	0	3	0	0	0	0	0
