mS#id1	mS#id2	mD#data	C#e2v-0	C#e2v-1	C#e2v-2	C#e2v-3	C#e2v-4	C#e2v-5	C#e2v-6	C#e2v-7	C#e2v-8	C#e2v-9	C#e2v-10	C#e2v-11	C#e2v-12	C#e2v-13	C#e2v-14	C#e2v-15	C#e2v-16	C#e2v-17	C#e2v-18	C#e2v-19	C#e2v-20	C#e2v-21	C#e2v-22	C#e2v-23	C#e2v-24	C#e2v-25	C#e2v-26	C#e2v-27	C#e2v-28	C#e2v-29	C#e2v-30	C#e2v-31	cD#class
3	33	train	0.08996412	0.07363742	0.04224292	0.07045446	0.0019112024	0.01162626	0.099152595	0.015724445	0.0014313367	-0.00447618	0.0008833648	-0.0013368238	0.00148192	0.000409471	0.083779335	0.11768066	-0.0656227	-0.029427396	0.011648417	0.026713805	0.038878713	0.10031809	0.25844392	0.037561346	0.0044018566	0.009389917	0.016859498	0.009599683	0.0064166826	0.13430089	-0.020479793	4.5050612e-05	1
30	33	train	0.115678094	0.07307498	0.034997005	0.34381205	0.03650594	0.005598746	0.2024256	0.029011803	0.03242832	0.0003554297	0.015135067	0.012698583	-0.00823644	0.0059712674	0.1688459	0.08745348	0.06702365	0.013123266	-0.0067493394	0.17858443	0.13825546	0.21746539	0.2149038	-0.00026715366	0.0025955401	-0.00400345	0.04766407	0.0017312526	-0.0038633074	0.14135268	-0.0027606706	-0.0047805225	1
5	11	train	0.75370806	0.09939997	0.33369124	0.016999362	0.15999414	0.1207057	0.017598892	0.0066428757	0.22974591	-0.0046955375	0.013211918	0.026316687	0.06955923	0.22656484	0.5047517	0.00050394563	0.5007159	0.0068158666	0.0052347644	0.042505577	0.0028278788	0.08507884	0.34477437	-0.00026374168	0.07552074	0.10461911	0.55191183	0.13221586	0.07357069	0.31143627	0.06589024	0.047984634	1
20	34	train	0.0545487	0.0269465	0.11509932	0.04528461	-0.01502129	0.010507656	0.06765575	-0.003119951	0.0052610724	-0.012815959	-0.0025357543	0.03707708	0.043718208	-0.011535641	0.08720453	0.07410021	0.016558586	0.007895583	0.0017741052	0.02609771	0.044993874	0.0534232	0.25002828	0.007903114	-0.0004871224	0.0050802	0.058876935	-0.004968068	0.04995711	0.088398814	0.02555033	-0.0010447286	1
1	18	train	0.09286624	0.08475134	0.12063785	-0.0046854196	0.09469639	0.007834753	0.010529454	0.019986207	0.007141509	0.031753898	0.026264558	0.032056365	0.09382093	0.027475893	0.004071748	0.006696591	0.14447522	0.08353627	-0.011087014	0.0034934217	5.6758845e-06	-0.004696969	0.5670897	0.20708784	0.016131712	0.010845569	0.107242875	0.013201312	-0.0026700175	0.116027474	0.014771373	-0.004668467	1
15	33	train	0.120851874	0.080269724	0.04625373	0.3811576	0.047578413	0.001838551	0.16332866	0.016120955	0.028113792	-0.00011575887	0.007178738	0.0033129777	-0.007657293	0.031173408	0.15027161	0.09267786	0.03872111	0.01612697	0.006308262	0.16140345	0.10228869	0.18482523	0.19152023	0.0064005	-0.00043635245	0.0028127	0.026045896	0.003124976	-0.0032456524	0.12660119	0.011695172	-0.0028533936	1
3	29	train	0.037168123	0.09661942	0.08063971	0.030400762	0.0010442807	0.026420824	0.052948166	0.020155223	0.0011340602	-0.01974716	0.0027951698	-0.0010029376	-0.0009792264	5.769371e-05	0.043407083	0.13884936	0.06619885	0.0070838593	0.05028918	0.019032173	0.028926173	0.104356244	0.2334972	-0.025900044	0.017541723	0.020189276	0.01372217	0.01314409	0.0039339797	0.14341585	0.010660624	-0.00014135419	1
19	33	train	0.053483397	0.048638675	0.067416854	0.30373883	0.030009886	0.0007074034	0.15370162	0.009646361	0.017419228	0.0053096307	0.009398514	0.017260823	0.009272546	0.0118594	0.15611714	0.10304683	0.0053337207	-0.00091831107	0.009165907	0.14945918	0.10367182	0.17122756	0.23401721	0.0027201092	-2.4808072e-05	0.0063197897	0.011902284	0.00776075	-0.0054354155	0.11043765	-0.00088055694	-0.005537699	1
14	34	train	0.02770703	0.034633707	0.11259507	0.010892806	-0.019573055	0.010733321	0.05323008	0.01346224	-0.016721599	0.01003059	0.017669355	0.027574144	0.027066523	0.00740191	0.08606667	0.10254853	0.030751634	0.010802885	-0.0014258907	0.031045144	0.06870012	0.08362633	0.25533158	0.005489693	-0.002136512	0.0070016063	0.040722217	0.012144944	0.010689524	0.101148166	0.0285706	0.016601332	1
2	22	train	0.045024656	0.037378605	0.12623784	0.006474455	0.08572161	0.037025068	0.015778514	-0.00017270408	0.015041204	0.027931783	-0.0009994234	0.013712469	0.15248764	0.0061967866	0.053484663	0.03733297	0.18753077	0.16000246	-0.0037661297	-0.0023826822	0.00048846425	0.0030847657	0.6066051	0.2552171	0.012539173	0.041805986	0.057799608	0.0028004837	0.004055301	0.086084984	0.06834063	0.004293756	1
3	8	train	0.057033684	0.088284016	0.052894335	-0.007155046	-0.0022068068	0.04507878	0.031551346	0.006939273	-0.0009200907	0.015065502	2.7378937e-05	-0.0013282772	0.0017599391	-8.8427296e-05	0.042679667	0.09319983	0.14652696	0.09009423	0.021246318	0.00030593085	0.006888949	0.019035202	0.3963287	0.11247991	0.038323466	0.0278001	0.021897191	0.011807304	0.04978287	0.16485739	0.052126657	3.7389556e-05	1
27	34	train	0.04170998	0.03696407	0.11179313	0.23865622	0.018178277	0.011309409	0.14391847	0.05074962	0.010771756	0.057433553	0.06575164	0.026737737	0.010238717	-0.0003153851	0.22630082	0.13022307	-0.02831715	-0.0018621915	0.0016602523	0.17271958	0.18352124	0.2745443	0.20598552	-0.002696262	-0.0020903745	-0.00029095606	0.059475236	0.0009129854	0.05259193	0.083422765	0.025810948	0.004154902	1
19	34	train	0.03797697	0.03216279	0.11206798	0.24896903	0.016126249	0.0010095616	0.12982005	0.014630389	0.018777886	0.034950398	0.053093046	0.017083406	0.0118178	-0.007271674	0.17104658	0.11352969	-0.002321826	0.00033085406	-0.0024112205	0.12242467	0.1786511	0.22020239	0.18867773	0.00055780925	1.1722218e-05	0.0035320625	0.019515285	0.013699829	0.05792207	0.08748633	0.0009687663	0.018106433	1
2	18	train	0.03591237	0.0452483	0.13592146	0.010338578	0.09560434	0.033585757	0.020287476	-0.00052329525	0.008278412	0.02521156	-0.0017316717	0.019728564	0.14929223	0.0048183124	0.10489863	0.04069295	0.15970884	0.15802722	-0.00937521	-0.0028996442	0.0003452219	-0.0030289178	0.6567927	0.2987432	0.008590803	0.026622714	0.056385174	0.0034917393	-0.005336682	0.08537815	0.07871916	0.0056446344	1
24	26	train	0.19614449	0.2541572	0.043978266	0.24984488	0.27333766	0.07964716	0.10903221	0.113280505	0.050736815	0.0154828755	0.010224	0.002362704	0.25253817	0.029444441	0.21055396	0.14098074	0.02572466	0.047759734	0.029990105	0.07430586	0.16147128	0.16766761	0.22075364	0.0031600583	0.06327717	0.0015835485	0.050435286	-0.008970007	0.07182249	0.30096924	-0.0003736672	0.013518523	1
31	34	train	0.09784539	0.03446669	0.073303066	0.3736602	-0.008273321	-0.0070026647	0.15997958	-0.048236012	0.014702215	-0.026036432	-0.034910847	0.019964335	0.05856708	-0.038302932	0.058628038	0.04339282	-0.01495431	-0.0053699324	-0.0014886167	0.07551358	0.13240834	0.27162722	0.1595835	0.0009464005	0.0013001241	-0.0027425159	0.046514038	-0.009675993	0.04419528	0.052493412	-0.025151532	0.010314779	1
1	12	train	0.15866156	0.07372471	0.12237806	0.0016222062	0.09701565	0.0067581637	0.009155963	0.03163615	0.0068731154	0.05568092	0.032810785	0.026399584	0.11966839	0.06631815	-0.0003065281	0.0018283281	0.20124885	0.08457992	0.0058047744	0.006934359	9.299432e-06	0.0009920705	0.51501817	0.1554205	0.030421834	0.019698935	0.112074606	0.041963972	-0.0022353868	0.106711626	0.008299892	-0.0024481018	1
3	10	train	0.033607498	0.073947236	0.07811956	0.01601932	-5.4245367e-05	0.01043686	0.03838534	0.02891314	-0.00029968814	-0.014376065	0.004596577	-0.001315422	0.0006833369	-0.00027656462	0.063231386	0.12324483	0.08091412	0.045154165	0.017163567	0.018114015	0.03705189	0.08313558	0.27560177	-0.0059824716	0.020387746	0.02608651	0.017443089	0.030928034	-0.017429275	0.13876843	0.029259644	-0.00013360762	1
9	31	train	0.23194432	0.021215389	0.011949595	0.5030405	0.013132582	0.0022978135	0.20581165	0.078425884	0.021044225	0.030342156	0.0147678545	0.032296762	0.21219276	0.12914903	-0.010266978	0.010978335	-0.02458158	0.0138149625	-0.0007158682	-0.013687525	0.027656866	0.1903467	0.20003341	0.014967931	0.0034347724	-0.010627576	0.027494958	-0.013519701	-0.00823795	0.061501395	0.057415668	0.0017384667	1
4	8	train	0.04408754	0.08342296	0.06486537	0.007211007	0.05038018	0.03235774	0.02839935	-0.0002534554	0.015930377	0.020529699	-0.00011143146	0.019262891	0.02531953	0.0018027527	0.048489414	0.08291286	0.2100603	0.13568068	0.020965936	0.00017842195	-0.000234522	0.011059619	0.5350161	0.15967315	0.04890293	0.027285798	0.02459311	0.011592424	0.042571116	0.16091235	0.06605384	-0.0016747436	1
25	26	train	0.15472813	0.26680887	0.0708586	0.14693974	0.3263475	0.115576856	0.086640924	0.12133063	0.10094283	0.0059544146	0.010702358	0.020309236	0.39265025	0.020194516	0.12994085	0.24019247	-0.0024430912	0.034116045	0.23497629	0.02845234	0.11449588	0.17595607	0.19005208	0.0024255253	0.05698792	0.010607546	0.033601604	0.00039856345	0.12829356	0.35309744	-0.0004285976	0.0013692993	1
24	33	train	0.13039498	0.11085066	0.04712353	0.3033987	0.080245785	0.01572023	0.17634971	0.041951235	0.030592421	-0.0058420817	0.0061955918	-0.002326874	-0.04124034	0.028453091	0.15019815	0.08635222	0.07909797	0.02467928	0.005359549	0.13191049	0.09849218	0.16713256	0.24917012	0.0040822094	0.008681878	0.0008270984	0.041804582	-0.003502103	0.006046452	0.16989653	-0.005618207	0.0055429493	1
24	28	train	0.1773668	0.25088784	0.035653315	0.1440121	0.16567172	0.07628512	0.085892536	0.07660343	0.0341536	0.023499427	0.006531051	0.0021250346	0.18226743	0.029051939	0.13596445	0.1084627	0.00089387316	0.014424025	0.024925593	0.031025074	0.0889363	0.098850906	0.25246847	0.004058371	0.08077098	0.0017932521	0.046253547	-0.0034294308	0.08366102	0.27576193	0.0027986714	0.011423073	1
3	28	train	0.12237164	0.16666327	0.031960677	0.033442117	0.0039457795	0.056418426	0.04829306	0.028713012	0.0015979548	0.018005168	0.0009311945	0.001220864	-0.006549552	0.00041808904	0.07583989	0.14781278	-0.0007415913	-0.017199103	0.05417316	0.006283032	0.035106633	0.059333347	0.26186502	0.037342004	0.040952224	0.020358507	0.018653734	0.009400479	0.088783674	0.21798603	0.010201869	9.284163e-05	1
16	34	train	0.03730195	0.023672557	0.16332972	0.15331794	0.020380786	0.0006671958	0.11549008	0.044087537	-0.006132423	0.077072434	0.10539628	0.026244134	-0.003608721	-0.0042673033	0.11717079	0.10749948	-0.0011159659	-0.0025394089	-0.002266212	0.10202554	0.19029707	0.22072768	0.18177179	-0.0038689584	-0.00190286	0.0019870582	0.04885627	0.008566165	0.069438815	0.093602	0.010393311	0.02534304	1
25	28	train	0.13991539	0.2633768	0.05744528	0.084696956	0.19780134	0.110698156	0.0682533	0.08204714	0.06794989	0.009037426	0.0068366244	0.018266285	0.28339222	0.019925317	0.08390883	0.18479069	-8.4891835e-05	0.010303464	0.1952952	0.011879763	0.063062854	0.10373749	0.21735612	0.0031150316	0.07274298	0.012012266	0.030815596	0.00015237957	0.14944024	0.32352418	0.0032100857	0.0011570499	1
2	14	train	0.018413482	0.04006187	0.12106326	-0.0020422123	0.058141097	0.030031433	0.026043586	0.00032555367	0.015418043	-0.0054719737	0.0006752007	0.014518952	0.087571464	-0.0036013057	0.086989775	0.05568772	0.14623877	0.13952836	0.007123854	0.004191866	0.01028519	0.013423045	0.5356309	0.12731391	0.015187238	0.029492063	0.03094163	-0.008089037	-0.004211278	0.090870745	0.06609931	-0.0060893805	1
1	14	train	0.047615655	0.07503701	0.107450366	0.00092552585	0.05758893	0.0070056147	0.013516947	-0.012433865	0.013300631	-0.006891938	-0.010240884	0.023591422	0.055033248	-0.020536048	0.003376597	0.009164189	0.13228998	0.07375742	0.008424587	-0.005050259	0.00016910153	0.02081523	0.4624758	0.08825361	0.028518427	0.012014485	0.05885003	-0.030582437	-0.0021069623	0.12349182	0.012403303	0.0050363	1
1	9	train	0.20063987	0.032901175	0.019119054	0.027317211	0.05196347	-0.0015024235	0.04313436	0.055987228	-0.044952147	0.07185413	0.023357967	0.021695303	0.13265699	0.095381774	-0.0010392079	0.0030331125	0.0538051	-0.02784111	-0.0012858087	0.0027269896	0.000103002676	0.051358107	0.34081322	0.13073365	-0.0069984896	0.012388708	0.04721484	-0.02803607	0.0037746308	0.10297843	-0.014125505	0.0013847227	1
1	7	train	0.29901475	0.111103244	0.14741072	0.0031962856	0.12099889	-0.009831511	-0.0033717288	0.031232918	0.049166184	0.025130931	-0.014756943	0.014249991	0.09478607	0.12942429	-0.0072353757	-0.0016275403	0.2654822	-0.0030152465	0.014979733	0.011932938	-6.3884414e-05	0.0323249	0.41491988	0.09103881	0.0346939	0.026615176	0.21774288	0.06988854	-0.011597857	0.13133813	-0.0091512725	0.005611862	1
2	3	train	0.042453803	0.0563252	0.07550227	-0.010827162	-0.0030507061	0.046424538	0.040974252	0.0005767306	-0.0014226928	0.016073588	0.00019069124	-0.00069665915	0.0061107227	0.00012215492	0.092775635	0.07040604	0.1358463	0.13693714	0.015309364	0.0029545804	0.010030248	0.02070788	0.4371196	0.17863573	0.014785163	0.02210523	0.02100395	-0.011286767	0.026938751	0.09558022	0.05212724	5.4029933e-05	1
21	34	train	0.05863007	0.04251119	0.107193746	0.2764619	0.015270424	-1.5550137e-05	0.13059676	0.018970042	0.020074528	0.046175893	0.0603077	0.014774173	0.0057970975	-0.009961672	0.15780722	0.09912094	-0.0077144546	-0.0029716352	-0.0014702423	0.13395123	0.19831668	0.2558339	0.15462218	0.0006530166	0.0009713844	0.0023832007	0.036592815	0.009894544	0.072863124	0.08561726	-0.004865885	0.023672184	1
23	34	train	0.029958816	0.02129739	0.15710115	0.2014523	0.01444213	0.0045894543	0.11702349	0.02076102	0.014930796	0.07889373	0.07515097	0.02790613	0.017532567	-0.0036074433	0.17118722	0.122458965	-0.005469437	0.0003564086	-0.00055916654	0.13319974	0.19779596	0.23686673	0.18881617	-0.0016269822	-0.00032299486	0.0007869182	0.05181466	0.0068361806	0.09387934	0.07263004	0.020228438	0.018871384	1
32	34	train	0.030760882	0.05426858	0.14135267	0.19755176	0.038932335	0.0071853837	0.09425026	0.019887818	0.050432328	0.059708197	0.020172894	0.0077917045	-0.034058586	-0.003358088	0.108272314	0.15263863	0.013865525	-0.002807726	-0.0074706953	0.096905224	0.15867403	0.24391161	0.15677238	-0.00050311344	-0.0012483484	0.005212025	0.023335049	0.015204671	0.0038832412	0.12111556	0.009656546	0.021219635	1
7	17	train	0.6250055	0.09716971	0.2238271	0.008439498	0.19210827	0.030577414	0.0020301268	0.037995867	0.12311564	-0.0086738905	0.0026479422	0.01815822	0.11400303	0.1878599	0.2758983	0.002397519	0.53230995	4.8950867e-05	0.020638803	0.034398556	0.0030858512	0.045529976	0.3780859	0.041926786	0.05133271	0.093886785	0.4180695	0.10154131	0.04338698	0.17822883	0.033485837	0.021314228	1
27	30	train	0.06956301	0.07239974	0.05291908	0.28162903	0.03205072	0.01288153	0.18635833	0.059894614	0.009537246	0.0014973913	0.059007615	0.021437956	-0.0059684594	0.000113252085	0.27677038	0.09352646	0.10858146	0.005554862	0.0065137786	0.27319196	0.21824424	0.26076674	0.23775865	0.00028728068	0.01291807	0.0003494251	0.08409644	0.00035016018	0.02107448	0.1297555	0.0054999674	0.0023980155	1
4	14	train	0.02777992	0.064593606	0.07889387	-0.0026546994	0.04124604	0.01822288	0.03038915	-0.00031452888	0.011314283	-0.0044879583	-0.0037667705	0.033753004	0.040840626	0.003715825	0.05933907	0.08816797	0.16551097	0.1088227	0.009527553	0.004283879	-0.0007821214	0.021288967	0.4784513	0.116742596	0.028573083	0.019357178	0.022874491	0.025358193	-0.006083906	0.1458999	0.057230115	0.0040444313	1
21	33	train	0.08256939	0.06428821	0.064484656	0.33727977	0.02841725	-1.0896036e-05	0.1546212	0.012507656	0.018622052	0.007014998	0.01067565	0.014927607	0.0045485497	0.01624653	0.14403334	0.08996852	0.017721718	0.008248004	0.0055889143	0.16353111	0.11508381	0.19893432	0.19177806	0.00318438	-0.0020557693	0.0042641736	0.022317791	0.0056051128	-0.0068374863	0.108078234	0.00442283	-0.0072399373	1
24	30	train	0.15441895	0.14357126	0.03708071	0.2934698	0.076028496	0.0255536	0.19287252	0.075091735	0.029199012	-0.0010025938	0.03140962	-0.0018464798	0.030639142	0.006264785	0.20126204	0.06832741	0.13202947	0.02652333	-0.0055315723	0.1709039	0.20183814	0.2041499	0.23188277	-8.919468e-05	0.02535152	-0.0005551491	0.09691922	-0.002371064	-0.025819609	0.20933834	0.00131709	-0.0104600955	1
10	34	train	0.02591073	0.037465792	0.13672239	0.06624483	-0.0005876712	0.004412584	0.06051938	0.045200128	-0.007668593	0.04378412	0.0877561	0.015584307	0.006515278	0.011231428	0.10419644	0.12752464	0.021552227	0.006750548	-0.0025347958	0.07655899	0.11079607	0.18973964	0.19854555	-0.0003993524	-0.0019453042	0.009261086	0.034876138	0.014542967	0.026187273	0.09390196	0.018509807	0.024564885	1
32	33	train	0.043320898	0.082068495	0.08503367	0.24101044	0.0724505	0.005034824	0.11158845	0.01311278	0.046783336	0.009070812	0.0035709993	0.007872623	-0.02672323	0.0054767183	0.09882199	0.1385446	-0.031852014	0.007793061	0.028398773	0.11830439	0.092079066	0.18966365	0.19444495	-0.0024533898	0.0026419163	0.009325685	0.014231941	0.00861322	-0.00036440394	0.15288922	-0.008777285	-0.0064898464	1
29	32	train	0.017897762	0.10768181	0.16232522	0.103994854	0.039586946	0.011441702	0.059588995	0.016807653	0.03706683	0.04001689	0.011299464	0.005906351	0.017658236	0.00077165954	0.051200863	0.16346636	0.032131664	-0.0018759712	0.12260473	0.08428562	0.0685078	0.19729827	0.17567582	0.0016917101	0.010528232	0.020051168	0.011583566	0.011793406	-0.00022341101	0.16326578	0.0045689596	0.020363031	1
3	14	train	0.03593739	0.068357475	0.06433384	0.0026340974	-0.0018067033	0.025386978	0.03376199	0.008611384	-0.000653479	-0.003293441	0.00092550326	-0.0023274461	0.0028387974	-0.0001822659	0.052229375	0.09910694	0.11545171	0.0722601	0.009654967	0.0073453444	0.022974366	0.03664139	0.35442665	0.082237974	0.022391697	0.019722035	0.02036697	0.02582824	-0.007114549	0.14947689	0.045163386	-9.029411e-05	1
30	34	train	0.082139574	0.048321534	0.058176015	0.2818163	0.019617	0.007990177	0.1709735	0.04400146	0.034957655	0.0023395994	0.08549934	0.012568059	-0.010497291	-0.0036613243	0.18499261	0.096350044	-0.029176116	-0.0047281208	0.0017755083	0.14628167	0.2382469	0.27966526	0.17326744	-5.478485e-05	-0.001226435	-0.0022374853	0.07815121	0.0030561304	0.041169025	0.11197656	0.0030372194	0.015630716	1
5	7	train	0.6770476	0.101929255	0.2611842	0.01304962	0.15067673	0.05854536	0.0052509876	0.022544852	0.13971175	0.0048385565	0.0101180505	0.03439269	0.114071906	0.22577137	0.3377578	-0.0013416557	0.507343	0.00067601976	0.00497077	0.059293322	0.002637767	0.06477068	0.38491124	0.0028607582	0.04479195	0.14217427	0.477672	0.10080903	0.056232248	0.23279029	0.03356757	0.028038176	1
6	17	train	0.5238884	0.086259075	0.28397003	-0.0023856526	0.16249071	0.023230113	0.010322167	0.012174449	0.16523015	-0.0015175542	0.00760405	0.017970845	0.1116468	0.15805052	0.26169062	-0.0044954405	0.59002316	-0.0005449246	0.0075150114	0.036486328	0.001012503	0.04865041	0.37742317	0.021104107	0.045798406	0.11171851	0.41027907	0.07749056	0.05460438	0.18651876	0.0056222104	0.03806396	1
1	3	train	0.109781824	0.10549869	0.06701245	0.0049068443	-0.0030217334	0.010829734	0.02126615	-0.02202706	-0.0012273096	0.020244645	-0.0028922462	-0.0011319811	0.0038402113	0.000696575	0.003601181	0.011586293	0.12288878	0.07238764	0.018104676	-0.0035596073	0.00016490997	0.032111887	0.37741897	0.12382973	0.027763415	0.009005235	0.03994887	-0.042672187	0.0134778395	0.12989192	0.009781493	-4.4686145e-05	1
2	20	train	0.036251865	0.031169843	0.123755865	-0.00849008	0.044620235	0.02940003	0.033101555	-7.544893e-05	-0.004850938	0.006991472	-9.689901e-05	0.019522648	0.14144659	0.0056125205	0.08813984	0.040239207	0.07874402	0.10197812	-0.008863559	0.0035238394	0.0067360955	0.008575074	0.52450573	0.18328464	0.0034626739	0.021398745	0.04473598	0.0033089395	-0.01968126	0.07941683	0.05911179	0.00038320723	1
1	8	train	0.075567424	0.09691067	0.0883441	-0.0025140224	0.07034229	0.012439628	0.012631894	-0.010019526	0.018727131	0.031526454	-0.00030295356	0.01346366	0.034118377	-0.009963175	0.0027592145	0.008617972	0.16789746	0.0919611	0.018538795	-0.0002103414	5.0705727e-05	0.010813513	0.51715195	0.12070772	0.048809387	0.016935568	0.06327158	-0.013980671	0.014743116	0.13619858	0.01431564	-0.002085463	1
1	22	train	0.11642983	0.07001118	0.11204309	-0.0029342077	0.08490751	0.008637062	0.008189246	0.0065960838	0.012975545	0.035180014	0.015158423	0.02228099	0.09582905	0.03533649	0.002076062	0.006143659	0.16964339	0.084580414	-0.0044537815	0.002870598	8.03097e-06	0.0047835726	0.5237566	0.1769157	0.023545917	0.017030934	0.109933086	0.010587865	0.0020289246	0.11698805	0.012823879	-0.0035512059	1
2	8	train	0.02922273	0.051740102	0.09953643	0.005547298	0.07101674	0.05332578	0.024338322	0.00026233945	0.021708421	0.025030974	1.9974299e-05	0.008285988	0.05429075	-0.001747193	0.07108442	0.052368544	0.18560076	0.17396463	0.015676456	0.00017458964	0.0030840526	0.006973272	0.59895575	0.17413194	0.02599301	0.04157189	0.03326635	-0.0036978791	0.029467715	0.10022094	0.07629048	0.002521529	1
4	13	train	0.057638716	0.059640676	0.058914814	-0.007077174	0.05135382	0.026617909	0.03758059	0.0003020129	0.009051083	0.028402824	0.0040880684	0.015832135	0.060959715	-0.0024194452	0.049886025	0.067919336	0.19160593	0.13067472	0.015194221	-0.0020749744	-0.00015517301	0.021129616	0.48941413	0.17082776	0.029645404	0.030113304	0.026926244	0.0072893635	0.03088964	0.13846827	0.040563975	-0.0011498809	1
33	34	train	0.06936059	0.03730882	0.07393222	0.29135096	0.020705152	0.004915449	0.1563267	0.024582142	0.036625873	0.013632771	0.016864864	0.015837861	0.014129371	-0.016628822	0.13805656	0.121767245	-0.017479215	-0.004399396	-0.0017202927	0.11290606	0.1162588	0.22895513	0.1861849	0.0025073607	-0.00042000474	0.0033335555	0.033709295	0.0045139585	-0.009640988	0.09087885	-0.0129556265	-0.008282933	1
1	20	train	0.09374415	0.058381993	0.1098402	0.003847684	0.044196475	0.0068583237	0.01718012	0.0028816196	-0.0041847425	0.0088057425	0.0014696837	0.031721782	0.08889043	0.032004777	0.0034212382	0.006621921	0.07123312	0.053907625	-0.010481942	-0.0042454368	0.000110749934	0.013297441	0.45287013	0.12705234	0.00650217	0.008717426	0.08508646	0.012510196	-0.009846814	0.10792614	0.011092119	-0.00031693644	1
2	4	train	0.032817166	0.05322385	0.09258994	0.010911845	0.069645934	0.03332373	0.036880907	-2.1064958e-05	0.024632389	0.021903412	-0.00077610766	0.010103065	0.08791249	-0.0024903524	0.10540466	0.06263495	0.19474855	0.20622544	0.015107329	0.0017231411	-0.00034146194	0.012031458	0.59008104	0.253586	0.018866712	0.021696283	0.023589896	-0.01108136	0.023036292	0.09329299	0.06605457	-0.0024200953	1
1	6	train	0.25063837	0.0986281	0.18702038	-0.00090351666	0.10234435	-0.0074691446	-0.017143533	0.010007498	0.06598461	0.004396822	-0.04237726	0.014102946	0.09282702	0.10888741	-0.006862783	0.0030517008	0.2942659	0.033565942	0.005454428	0.012657191	-2.0961206e-05	0.03454031	0.41419256	0.045824945	0.03095347	0.031670146	0.21368538	0.053334963	-0.014596402	0.13744704	-0.0015364817	0.01002193	1
6	11	train	0.5735753	0.09227375	0.31469658	-0.0021820136	0.13651954	0.050660964	0.022754004	0.002895723	0.21356459	-0.0025311348	0.025515469	0.013402193	0.07206911	0.18019296	0.31873104	0.001741333	0.5475531	-0.013810575	0.00544676	0.044240627	0.0011827273	0.08039542	0.31257525	-0.002894284	0.05120558	0.11306312	0.46572962	0.09675645	0.055489816	0.2250527	0.010274342	0.038617637	1
1	13	train	0.098794565	0.0692833	0.08023967	0.002467363	0.071701705	0.010233004	0.016715664	0.011939087	0.010640101	0.043616828	0.011114409	0.011065758	0.08214397	0.013371416	0.0028386863	0.0070595434	0.15314722	0.08856819	0.013435248	0.0024461844	3.354977e-05	0.020659426	0.4730726	0.12914024	0.029588697	0.018690526	0.06927412	-0.008791104	0.010697617	0.117201574	0.008791302	-0.0014318812	1
31	33	train	0.13779677	0.052122787	0.044097003	0.45586035	-0.015396105	-0.004906792	0.18940927	-0.0318038	0.013638447	-0.00395543	-0.006179907	0.020171672	0.045953214	0.062468395	0.05351081	0.0393861	0.034353185	0.014904663	0.005658762	0.09218892	0.076836996	0.21121508	0.19793159	0.004615042	-0.0027514908	-0.0049070828	0.0283687	-0.0054813065	-0.0041472916	0.06626462	0.022861402	-0.0031546883	1
29	34	train	0.028655902	0.048952784	0.14113308	0.12571654	0.011313292	0.01117042	0.08347953	0.03150881	0.029018987	0.060142472	0.053364318	0.011882184	-0.009336437	-0.0023429706	0.07152878	0.14367105	0.017632676	0.001059037	-0.0074269413	0.0804396	0.086497776	0.23817138	0.1682131	-0.001728925	-0.00167375	0.007167483	0.027436443	0.006180608	-0.0059107565	0.097046785	0.006743968	0.025989156	1
25	32	train	0.0456184	0.16926731	0.1451652	0.12098931	0.18015034	0.03334619	0.08448748	0.03635193	0.083808325	-0.009840222	0.0077575888	-0.009839954	0.15456277	0.003940852	0.07269546	0.18441963	0.00595895	0.011250995	0.18236142	0.043351505	0.095318325	0.1868522	0.18062828	-0.0006287169	0.023239732	0.008662426	0.019280065	0.00052414695	-0.004350287	0.26564035	0.0048031467	-0.0014383475	1
3	4	train	0.0640489	0.09081572	0.049202923	-0.014074375	-0.00216421	0.028170113	0.04781111	-0.00055719976	-0.0010440202	0.013183103	-0.0010638172	-0.0016195618	0.0028498524	-0.00012603938	0.06328583	0.111470856	0.15374891	0.106801726	0.02047498	0.0030194344	-0.0007627347	0.03284272	0.3904563	0.16380297	0.027816623	0.014508814	0.015527776	0.03538271	0.038917597	0.15346132	0.045132812	-3.588548e-05	1
20	28	train	0.104494765	0.0922299	0.05238679	0.026223512	-0.057711758	0.035729025	0.039014142	-0.0037562877	0.0054485267	0.007831645	-0.00047318288	-0.034212567	-0.1516043	0.019209486	0.07205034	0.084479526	-0.00042986727	-0.0128083015	-0.03136427	0.007493583	0.023576846	0.024569772	0.3142154	0.038313814	0.00959098	0.019707847	0.039730288	-0.0027559365	-0.064864725	0.18112281	0.011568821	0.00065847905	0
31	7	train	0.34566796	0.07164177	0.092133135	0.0588589	0.03057971	0.015036359	-0.016087895	0.0437505	-0.023017015	0.010612148	-0.009329938	0.021213282	0.15161596	0.17524336	-0.071482755	-0.0058908733	-0.12128908	0.0014961874	0.008339899	-0.059894763	-0.017153367	0.119804606	0.24352883	0.010423197	-0.017027337	-0.022831663	0.12679978	0.033702016	0.025311762	0.07843854	0.037196998	0.0070454804	0
4	16	train	0.03740008	0.04415051	0.114442974	-0.037365306	-0.04294816	0.0011327555	0.065933496	-0.0010300517	0.0041493624	-0.034484297	-0.022468483	0.032124966	-0.0054451926	-0.0021422242	0.08078395	0.09242464	-0.006006334	-0.025580699	0.0151424315	0.014078371	-0.0021664505	0.056191202	0.34061185	-0.08227641	0.025448289	0.005493574	0.027443552	0.017885836	-0.039520863	0.13501504	0.02081897	0.0061740945	0
27	12	train	0.078187585	0.050983876	0.11664962	0.01907957	-0.053872433	0.016692743	0.03930091	-0.046624634	-0.0023574359	-0.0518663	-0.03907016	0.05263325	0.033463534	0.0007393794	-0.011689374	0.019859675	-0.17410165	-0.014554121	-0.0036044023	-0.079609394	0.003460843	0.0037163624	0.39017317	-0.050695546	0.024005916	-0.0017927891	0.08345145	-0.001909391	0.0058055124	0.10128152	0.034620903	-0.0012380378	0
24	31	train	0.18394521	0.102406226	0.046722513	0.38911155	-0.032064445	-0.022395412	0.18047047	-0.08231831	0.01228029	0.01115745	-0.012825086	-0.0029331292	-0.17094365	0.065539025	0.06378416	0.030772366	0.06767212	0.030123698	0.004637765	0.088224076	0.11217376	0.19828232	0.21356961	0.0015408255	-0.026874743	-0.0006804538	0.057684388	0.007507008	-0.02771756	0.098135576	-0.010906961	-0.006902664	0
7	9	train	0.41245466	0.031564694	0.02518092	0.050643407	0.06527866	0.0049426476	-0.017081914	0.05498089	-0.08847533	0.042624436	-0.010770522	0.026944283	0.16889969	0.1572903	0.0322964	-0.004607717	0.10144253	0.0011361554	-0.0012192475	0.0132961925	-0.005421163	0.09100621	0.2871404	0.089563064	-0.0068666674	0.060104497	0.08906308	-0.038779385	-0.010967877	0.12603489	0.048120424	0.0031177746	0
32	16	train	0.023297869	0.0520727	0.18785484	0.1268272	0.07131549	0.0006833992	0.082438625	0.023517486	-0.00783313	0.051281545	0.022316813	0.013045334	0.0068252636	0.0014054403	0.08387178	0.122310996	-0.0020336017	0.004498292	0.037410863	0.10690364	0.1507187	0.18284813	0.18983606	0.0037856793	0.011969381	0.005558833	0.020626938	0.01634536	0.0026246042	0.1574705	0.0070413467	0.019856786	0
15	22	train	0.11804432	0.06952342	0.07345301	-0.04517833	-0.06631277	0.0049495585	0.03369393	-0.004683477	-0.0125216795	0.00043476172	-0.0111327525	0.0054475893	-0.02554212	0.023876637	0.057599127	0.052324854	-0.08735827	-0.045411266	-0.002764228	-0.025225975	0.0028706465	0.015514045	0.29745084	0.028091766	-0.0018326461	0.008374265	0.05877638	-0.0029108576	-0.0034653572	0.13348615	-0.026665488	-0.0040325955	0
15	5	train	0.33391896	0.10550485	0.13000683	0.10838038	-0.09367511	-0.0101982495	-0.054555126	-0.016300723	-0.0685012	0.00010080084	0.016115496	0.006770724	-0.023880301	0.09250859	-0.30152914	0.007521851	-0.13857095	0.008894099	0.0032535172	-0.1068655	-0.01791448	0.11854661	0.25945878	0.0006630592	-0.003553213	0.014409482	0.1353895	-0.020036794	0.03305365	0.21702765	0.02048918	0.014140886	0
13	11	train	0.2260872	0.06481956	0.13501817	0.0059587387	0.0956446	-0.06940739	-0.02218611	0.0034546386	0.03443756	-0.025109062	-0.0066920174	0.010515917	0.063774996	0.022127766	-0.13183828	0.0040282505	0.2849676	-0.03644103	0.013416361	0.008550138	-0.0018930319	0.04808652	0.35700974	-0.008156442	0.048947867	0.0667256	0.15098369	-0.015948188	-0.040668163	0.19190322	-0.058786806	-0.0055174874	0
25	13	train	0.085253954	0.099741675	0.08634935	0.017784856	-0.11276484	0.0727591	0.05900815	-0.023627762	-0.022229485	0.010461889	-0.007374426	-0.016333891	-0.1833417	0.005655909	0.048580617	0.09544534	0.015299733	-0.05198141	0.05550796	-0.006727074	0.008187853	0.0635837	0.30092585	0.010038443	0.04126681	0.018102856	0.039605502	0.000120349105	0.060801204	0.21054618	0.010072546	0.0003199368	0
5	31	train	0.38073847	0.0685091	0.12394484	0.12962176	0.030312736	0.02721746	-0.06326658	0.032158446	-0.03323102	0.0034443208	-0.013873228	0.041224793	0.14331129	0.18537797	-0.10737271	0.0031966255	-0.12293948	0.008219991	0.0029185344	-0.061038442	-0.013456959	0.13547303	0.26814446	0.0004780948	-0.02240536	-0.025139017	0.14746371	0.035145167	0.042235926	0.11359496	0.04005169	0.015634047	0
21	13	train	0.06843521	0.05510256	0.07333701	0.033616934	-0.033446655	-3.4753328e-05	0.06510855	-0.006577161	-0.0068012825	-0.032664996	-0.012138951	0.012190535	0.013005681	0.004708726	0.07548821	0.058367636	-0.03609394	-0.024320226	0.0073876856	-0.02177972	0.013492361	0.072117284	0.26902816	0.010201998	-0.0108499015	0.01393289	0.031736374	0.004335045	-0.03849139	0.11416386	-0.0069131665	-0.0041256174	0
4	27	train	0.041819707	0.06893985	0.07833197	-0.058163207	-0.038306843	0.019200953	0.08216332	-0.0011857032	-0.0072884597	-0.025697332	-0.014016999	0.032729175	0.015449182	-0.00015832615	0.15602416	0.111961655	-0.15240812	-0.01875876	-0.011093516	0.023833351	-0.0020893104	0.06989144	0.38598454	-0.05733811	0.027956054	-0.00080439943	0.03340844	0.0019062798	-0.029932521	0.12033212	0.051702224	0.001012221	0
29	18	train	0.031441122	0.07761826	0.14517005	-0.029028906	-0.03272612	0.019114101	0.026216088	-0.018287798	-0.0065989066	-0.030973589	-0.025383005	0.028402006	-0.023923665	0.0022756865	0.04907909	0.0802515	0.07782722	0.008174865	-0.030796291	-0.018678298	0.0009955834	-0.015264069	0.35084048	-0.04331419	0.01019248	0.024315212	0.03683721	-0.004066331	-0.0007793382	0.12810789	0.01609898	-0.014767606	0
6	14	train	0.08204717	0.0639057	0.17954482	-0.00048502674	0.061191987	-0.01750911	-0.027216952	-0.003912388	0.035133395	-0.0007152841	0.013560495	0.028996814	0.06862047	-0.028491495	-0.09953369	0.026103666	0.27645728	0.0335068	0.002908769	-0.026118452	-0.0029202022	0.03941235	0.38896003	0.030433327	0.024964534	0.06935963	0.108942345	-0.03228211	0.007705005	0.15817116	-0.0070942864	0.020250598	0
13	25	train	0.085253954	0.099741675	0.08634935	0.017784856	-0.11276484	0.0727591	0.05900815	-0.023627762	-0.022229485	0.010461889	-0.007374426	-0.016333891	-0.1833417	0.005655909	0.048580617	0.09544534	0.015299733	-0.05198141	0.05550796	-0.006727074	0.008187853	0.0635837	0.30092585	0.010038443	0.04126681	0.018102856	0.039605502	0.000120349105	0.060801204	0.21054618	0.010072546	0.0003199368	0
27	3	train	0.05409991	0.07295697	0.063875645	0.05771183	0.0016779575	0.026749566	0.09128248	0.03246298	0.00042095955	-0.018857716	0.0034440055	-0.0022568477	0.0010738596	7.766097e-06	0.13733016	0.12585269	-0.10631186	-0.01245613	-0.011241873	0.04086581	0.061372295	0.12029326	0.28592923	-0.04039117	0.021908153	-0.00081956136	0.029746177	0.0019416152	-0.035003234	0.12328227	0.040801026	-2.2598382e-05	0
24	27	train	0.078413	0.109826356	0.07125563	0.24852498	0.07045252	0.036168925	0.16235217	0.08660796	0.008997303	-0.024612129	0.02415497	-0.0039282665	-0.029884428	0.0005396462	0.24620315	0.09234873	0.12814243	0.010446331	-0.005172494	0.20179187	0.15547562	0.20041172	0.27566916	-0.0043897578	0.043209933	-7.218997e-05	0.073758215	-0.0007083293	-0.032983612	0.15595749	0.011192916	-0.0027804659	0
6	27	train	0.12351328	0.068205655	0.17826606	-0.010626706	-0.056831438	-0.018448872	-0.07358663	-0.014748823	-0.022632308	-0.0040956023	0.05046165	0.028117253	0.025957735	0.001213983	-0.26171055	0.0331482	-0.25457126	-0.005775872	-0.003386859	-0.14530994	-0.007800847	0.1293903	0.3137886	-0.014947325	0.02442543	-0.0028822822	0.15911146	-0.0024267794	0.03790825	0.13045293	-0.006409045	0.0050682235	0
29	25	train	0.04249671	0.152687	0.14493969	0.07699429	0.052349634	0.051840093	0.074832425	0.057593346	0.048223685	-0.009911792	0.02052152	-0.015005721	0.042370096	0.0027495706	0.04802536	0.17358491	0.007577949	-0.0042437264	0.18129338	0.035985447	0.051960755	0.18245481	0.19380994	-0.0021605552	0.03115917	0.011912413	0.022668751	0.00021306261	0.0066216555	0.2128508	0.0033544365	-0.0017616436	0
2	26	train	0.069338426	0.09894819	0.07418687	-0.04498154	-0.2094982	0.06968135	0.04728865	0.001605223	-0.056007836	0.019709956	0.0010634892	-0.008467714	-0.27993536	0.008372431	0.19560912	0.107955985	-0.027033392	-0.10996266	0.04809289	0.0085876575	0.028534759	0.036867738	0.34603295	0.045013674	0.021760106	0.026883721	0.030900963	-0.007700567	0.04511666	0.14463271	-0.0019935323	0.0074097356	0
14	8	train	0.024737211	0.0627929	0.08481283	-0.00134958	0.04205786	0.029160878	0.020054305	0.00391709	0.00997123	-0.0051287888	9.694351e-05	0.027682392	0.025221312	0.0026069658	0.040017992	0.073716484	0.15773652	0.091799065	0.009886477	0.0004340451	0.0070640477	0.012338799	0.48564714	0.08016458	0.039365653	0.03708997	0.03225749	0.008462096	-0.007782451	0.15673447	0.06609858	-0.0042139464	0
4	19	train	0.038076878	0.05998522	0.07852455	-0.060676552	-0.033982635	0.0017140193	0.0741145	-0.00034182126	-0.012705623	-0.015637757	-0.0113184275	0.020911485	0.017831856	-0.0036504453	0.11792887	0.09760922	-0.012496496	0.0033328536	0.016111353	0.016893221	-0.002033866	0.05605748	0.3535525	0.011862248	-0.0001567695	0.009765011	0.01096213	0.028604735	-0.032966148	0.12619357	0.0019405476	0.0044111055	0
4	29	train	0.028731288	0.09129941	0.09889008	-0.030638536	-0.023840353	0.01896498	0.047658615	-0.00073616504	-0.019635027	-0.026909376	-0.011376258	0.0145447645	-0.014087733	-0.0011761922	0.049315847	0.12352381	0.094902314	0.010668194	0.049625523	0.011099756	-0.00098474	0.06063189	0.31520498	-0.036766935	0.022384241	0.019815775	0.015411603	0.012904881	0.003364087	0.13998392	0.013508925	0.0063315015	0
9	23	train	0.07101793	0.013109248	0.02561005	0.2712054	-0.022924585	-0.0015059568	0.1505492	-0.033754893	0.021371407	-0.09194063	-0.031790078	0.045144383	0.06352176	0.012163504	-0.029978411	0.030981982	-0.008990545	-0.000916915	-0.00026890036	-0.02414367	0.041314743	0.16598779	0.23667577	-0.025731768	-0.0008533137	0.003049402	0.030628212	0.009551797	-0.017499002	0.08509351	-0.04617728	0.0031806082	0
21	9	train	0.13898368	0.026167044	0.017474327	0.37218717	-0.02423937	5.102531e-06	0.16801102	-0.03084298	0.028733961	-0.053812142	-0.025511138	0.023900516	0.021003302	0.033588562	-0.027635299	0.025077488	-0.012680857	0.0076449807	-0.000707032	-0.024279883	0.041423507	0.1792793	0.19381455	0.010327877	0.0025662812	0.009235187	0.021630414	0.01382507	-0.013581602	0.100309364	0.011107794	0.003989741	0
26	16	train	0.07902153	0.082079984	0.091696426	0.15402977	0.12919006	0.0023686402	0.08453984	0.07849353	-0.009434603	-0.031030966	0.030788243	-0.026925001	0.017338855	0.0072020427	0.1499182	0.15930073	0.00083374995	0.013640032	0.048204634	0.0701627	0.18104255	0.1721855	0.19974023	-0.014604764	0.029351033	0.0068070516	0.03594896	0.012429077	-0.07740175	0.20931467	-0.0006283181	-0.018903557	0
21	8	train	0.05234572	0.07707523	0.08074425	-0.03425265	-0.03281253	-4.2247466e-05	0.049202014	0.005519688	-0.011970611	-0.023610417	0.00033088023	0.014832172	0.0054018907	-0.0035085184	0.07337484	0.07125258	-0.039570298	-0.025251897	0.010193991	0.0018727848	0.02039179	0.037747476	0.2940953	0.009535834	-0.017897949	0.012624653	0.028986445	0.0068941102	-0.05304761	0.1326685	-0.011257309	-0.0060087536	0
1	15	train	0.14747368	0.11500064	0.073375046	0.026545957	-0.07522452	0.0017125902	0.03503057	-0.0225825	-0.024106365	0.0005235485	-0.023504078	0.0028053273	-0.019842923	0.053030904	0.0064592934	0.009124633	-0.07251134	-0.039670292	0.009804683	-0.021506965	0.00043387304	0.059162676	0.27968684	0.02110074	-0.0027521646	0.0026974704	0.0617162	-0.013891039	-0.006817289	0.122444995	-0.00558581	0.002830309	0
33	22	train	0.09541203	0.04886736	0.07062907	-0.04213054	-0.053702764	0.009272317	0.03818204	-0.0047087423	-0.015132592	-0.0077784555	-0.0046297642	0.026312944	0.036979992	0.02077202	0.04829834	0.062400445	-0.0905897	-0.034384064	-0.0028655308	-0.021542994	0.0018933589	0.014943964	0.35865107	0.053663947	0.0037331774	0.017758457	0.04639472	-0.0023818826	0.00096595346	0.12095901	-0.026849724	0.00358017	0
20	10	train	0.028697887	0.04092171	0.12804587	0.01256149	0.00079340354	0.006609522	0.031010067	-0.0037824688	-0.0010218429	-0.0062531065	-0.0023357328	0.036862392	0.015817389	-0.0127070155	0.060071852	0.07043819	0.04690229	0.033626646	-0.009937075	0.021604043	0.02488324	0.034426212	0.3306983	-0.0061381627	0.0047747944	0.025252784	0.037151754	-0.009067166	0.012733704	0.115301564	0.033180155	-0.0009476119	0
15	26	train	0.18178943	0.18404154	0.043166522	0.31387833	0.16206422	0.009315091	0.10098165	0.043531258	0.046626065	0.00030678793	0.011846393	-0.003363992	0.046889983	0.03225954	0.21065693	0.15130812	0.012593084	0.031209169	0.03529876	0.0909194	0.1676954	0.18541692	0.1696784	0.0049546584	-0.0031803192	0.005385148	0.031423163	0.008004065	-0.038553324	0.22427215	0.0007778464	-0.006959051	0
30	19	train	0.06333717	0.0629957	0.05304918	0.29379877	0.028432725	0.0011499008	0.16810244	0.017266762	0.016625823	0.0009112168	0.047647387	0.013697244	-0.006888955	0.0026111957	0.20919336	0.08153725	0.008902988	-0.0009869278	-0.009460102	0.19364008	0.21245265	0.20915188	0.21778116	-5.9433325e-05	-7.244082e-05	-0.004241848	0.027594108	0.0052543385	0.023210356	0.13607596	0.00020643113	0.010450187	0
25	11	train	0.2872487	0.15597759	0.20267351	0.030012187	-0.20206146	-0.14412515	-0.039891955	-0.018212633	-0.16891377	-0.005849707	0.012785193	-0.016094895	-0.1290049	0.054936938	-0.18504573	0.008265183	0.026175793	0.017842462	0.06517592	-0.023524724	-0.016714744	0.1306796	0.23641245	-0.0006524225	0.08158201	0.018969022	0.14383624	-0.0012548434	-0.086242676	0.31565237	-0.020581106	-0.0021459353	0
15	26	train	0.18178943	0.18404154	0.043166522	0.31387833	0.16206422	0.009315091	0.10098165	0.043531258	0.046626065	0.00030678793	0.011846393	-0.003363992	0.046889983	0.03225954	0.21065693	0.15130812	0.012593084	0.031209169	0.03529876	0.0909194	0.1676954	0.18541692	0.1696784	0.0049546584	-0.0031803192	0.005385148	0.031423163	0.008004065	-0.038553324	0.22427215	0.0007778464	-0.006959051	0
3	26	train	0.13532704	0.16883506	0.03942341	0.05801833	0.0065100435	0.058904905	0.061303344	0.04246056	0.0023738386	0.011862918	0.0014577336	0.0013574086	-0.009074643	0.0004237376	0.11744532	0.19212829	-0.021342162	-0.056948364	0.06518035	0.015048024	0.063739024	0.10063925	0.22896983	0.029076422	0.032082573	0.017977776	0.0203402	0.02458786	0.07622025	0.23791206	-0.0013621119	0.00010987251	0
3	19	train	0.049258012	0.063480556	0.06403268	0.06020567	0.0014885438	0.0023878645	0.08234034	0.009358614	0.00073383865	-0.011475602	0.0027809609	-0.0014419563	0.0012394773	0.00017905894	0.10379925	0.10971956	-0.008716895	0.0022130706	0.016326815	0.028965928	0.059743647	0.09648302	0.26190424	0.008356224	-0.00012285462	0.0099490695	0.0097604515	0.029134963	-0.038550775	0.1292874	0.0015313912	-9.848031e-05	0
21	1	train	0.10075815	0.09210428	0.102295846	0.023490058	-0.044929493	-1.0149538e-05	0.033163004	-0.017520929	-0.015967606	-0.031727087	-0.034953404	0.012640237	0.011787	0.027637918	0.006191147	0.0088578835	-0.033186693	-0.020289037	0.008686629	-0.021790475	0.0004881455	0.063679	0.28006336	0.010498051	-0.01296616	0.0040894803	0.05288239	-0.024915658	-0.01436171	0.10453013	-0.0021124177	0.007181365	0
22	30	train	0.11299074	0.06329189	0.05557682	-0.040751792	-0.050880432	0.015072369	0.041759443	-0.008428539	-0.014443339	-0.0013349062	-0.023471389	0.020880511	-0.027473954	0.0045735706	0.06471866	0.04937523	-0.15121134	-0.03695326	0.0029575045	-0.027911214	0.003880024	0.018253827	0.33376795	-0.0011725363	0.010901065	-0.01191949	0.10756094	-0.0016126299	-0.004124822	0.14903988	0.0062944465	-0.0067561353	0
18	33	train	0.07610212	0.059155896	0.07604698	-0.06727515	-0.059894085	0.008410999	0.04909317	-0.0142675415	-0.00832871	-0.007020926	-0.008021858	0.037857268	0.03620507	0.016151287	0.094726786	0.068016514	-0.077149875	-0.033959594	-0.0071333046	-0.026217101	0.0013381306	-0.014673413	0.3883241	0.062816076	0.002557664	0.011308867	0.04525938	-0.0029698128	-0.0012711723	0.11996583	-0.030927248	0.0047065434	0
20	10	train	0.028697887	0.04092171	0.12804587	0.01256149	0.00079340354	0.006609522	0.031010067	-0.0037824688	-0.0010218429	-0.0062531065	-0.0023357328	0.036862392	0.015817389	-0.0127070155	0.060071852	0.07043819	0.04690229	0.033626646	-0.009937075	0.021604043	0.02488324	0.034426212	0.3306983	-0.0061381627	0.0047747944	0.025252784	0.037151754	-0.009067166	0.012733704	0.115301564	0.033180155	-0.0009476119	0
23	20	train	0.033181418	0.023261903	0.14713138	0.038199827	-0.01949804	0.006874452	0.059962712	-0.0017373384	0.0019895344	-0.011267347	-0.0020002322	0.06600785	0.04256448	0.00408139	0.09869371	0.06764017	-0.011902674	0.0017753858	-0.0021920819	0.03758739	0.044422194	0.042976912	0.31449306	-0.02500719	0.00079279835	0.0021457393	0.055195488	-0.004262183	0.045649346	0.08918192	0.036260925	-0.00072798016	0
28	20	train	0.104494765	0.0922299	0.05238679	0.026223512	-0.057711758	0.035729025	0.039014142	-0.0037562877	0.0054485267	0.007831645	-0.00047318288	-0.034212567	-0.1516043	0.019209486	0.07205034	0.084479526	-0.00042986727	-0.0128083015	-0.03136427	0.007493583	0.023576846	0.024569772	0.3142154	0.038313814	0.00959098	0.019707847	0.039730288	-0.0027559365	-0.064864725	0.18112281	0.011568821	0.00065847905	0
18	8	train	0.048245724	0.0709221	0.09522198	0.006832169	0.06915786	0.032612167	0.015621937	-0.0062963343	0.005353854	0.02363037	-0.00024862878	0.03761524	0.042997405	-0.0034879504	0.048256624	0.053867195	0.17226565	0.1039699	-0.013010906	-0.0003002425	0.0002371044	-0.0027842573	0.59550244	0.18810686	0.022267547	0.033481404	0.05878308	-0.0036527754	-0.009862199	0.14726079	0.07871828	0.003906175	0
7	11	train	0.68428266	0.10394516	0.24804597	0.0077191037	0.16140327	0.06668419	0.0044751763	0.009037412	0.1591304	-0.014467217	0.008885198	0.01354193	0.07359008	0.21417855	0.33603552	-0.0009286918	0.4939941	0.0012406113	0.014958674	0.041709147	0.003604651	0.07523887	0.31312412	-0.0057499716	0.057393283	0.09501678	0.474573	0.12678675	0.044090517	0.2150501	0.0611939	0.021624265	0
31	10	train	0.051476132	0.052342087	0.0815483	0.103649534	0.0004369853	-0.004404813	0.07332677	-0.05847887	-0.002855569	-0.012703583	-0.032157063	0.019848736	0.021189759	-0.04219236	0.040386602	0.041248355	-0.04235817	-0.022870105	0.008338003	0.062511176	0.0732266	0.17503811	0.21107207	-0.00073504704	-0.012743873	-0.013632566	0.029350681	-0.017659547	0.011265055	0.068468936	-0.03266227	0.009355931	0
11	16	train	0.1467014	0.047984306	0.26227498	0.031460315	-0.07998937	-0.0029537112	-0.038924556	-0.0117824655	0.015787493	0.030485291	0.03678008	0.021337833	-0.0056966655	0.019592358	-0.213495	0.005481644	-0.008932972	0.007133645	0.013370631	-0.05801133	-0.026429594	0.12787926	0.24846388	0.003928418	0.042017963	0.012172759	0.15388441	-0.039131902	0.052031714	0.1871174	-0.030171616	0.029625233	0
32	3	train	0.039898388	0.10711134	0.08076518	0.047771946	0.0035936742	0.016995221	0.059779663	0.01272163	0.0019708923	-0.019604571	0.0010566361	-0.0006576731	-0.0035721408	8.269013e-05	0.06570482	0.14751598	0.05205572	-0.018780775	0.05058545	0.022927973	0.053063013	0.10687136	0.21761629	-0.007536857	0.013083306	0.014681166	0.011670883	0.03233526	-0.002584541	0.17898472	0.0152647225	-0.00011541293	0
20	9	train	0.12930872	0.016586462	0.018763065	0.06096446	0.023843909	-0.003447921	0.08703825	0.0050726607	0.0075305104	0.014935372	0.0010726652	0.05998044	0.15839422	0.03889564	-0.015271312	0.01874727	0.027218653	-0.020312581	0.0008531582	-0.004730448	0.009398121	0.03743708	0.31340343	0.12499281	-0.001286919	0.019686382	0.034802802	-0.0069415923	-0.009311949	0.10356824	-0.05832604	-0.00017607994	0
23	13	train	0.034969047	0.027605455	0.10748136	0.024495993	-0.03163245	0.010257068	0.058341652	-0.0071981167	-0.0050585777	-0.05580971	-0.015126656	0.023026036	0.039333988	0.0017051819	0.08188863	0.072110295	-0.025590083	0.0029168918	0.002809705	-0.021657534	0.013456934	0.06677061	0.32852253	-0.025418144	0.0036076987	0.0046005542	0.044938043	0.0029951	-0.049593627	0.09684643	0.02873939	-0.0032889282	0
25	1	train	0.12552063	0.16671884	0.120446414	0.012427287	-0.15147904	0.021248937	0.030055765	-0.0629421	-0.052188933	0.010161498	-0.021234233	-0.016936442	-0.1661619	0.033197418	0.003984327	0.014484803	0.01406739	-0.04336525	0.065267675	-0.0067303954	0.0002962316	0.056143917	0.31326947	0.010329749	0.049315844	0.0053134183	0.06599474	-0.00069170614	0.022685835	0.19277923	0.0030778118	-0.00055690645	0
20	12	train	0.10225446	0.03716682	0.12009943	0.0036203156	0.04451651	0.015509352	0.01847527	0.0028663583	-0.0011514038	0.011573659	0.0015067658	0.07298625	0.14288564	0.02704381	-0.004504475	0.011300656	0.10180676	0.061708625	-0.0038515765	-0.012028879	0.00084849435	0.0007231619	0.47359803	0.1485956	0.0055941264	0.031302758	0.082611956	0.010390072	0.0055146604	0.10732282	0.03427133	0.00031129818	0
27	25	train	0.061855916	0.1152934	0.114808396	0.14616348	0.08411576	0.052485116	0.12901089	0.09276264	0.01790048	-0.009465349	0.025285127	-0.033766437	-0.046464775	0.00037011717	0.15194134	0.1573369	-0.012169788	0.0074620917	-0.04052715	0.07726781	0.110244475	0.21031885	0.23733015	-0.00336939	0.03891521	-0.00048357123	0.049140092	3.1473126e-05	-0.058917277	0.1829695	0.012838314	-0.00028163503	0
19	7	train	0.13416494	0.06685293	0.14085597	0.03921757	-0.059605572	-0.0021677648	-0.0130549865	-0.013269896	-0.029397674	-0.014245375	0.014189139	0.018152125	0.030593416	0.033269323	-0.20855008	-0.015412437	-0.018831505	-9.2183596e-05	0.013508739	-0.09710302	-0.02314407	0.097123034	0.28792745	0.006143441	-0.00015352239	0.029404704	0.05319972	-0.047717262	0.033173442	0.13072689	-0.0014327238	0.012367546	0
5	28	train	0.36712214	0.16784234	0.09458062	0.04797365	-0.15662092	-0.09271038	-0.030110896	-0.029925872	-0.09242118	0.0072543067	0.007064807	-0.029867116	-0.15280463	0.08217379	-0.22887924	0.011267077	-0.0016238933	0.0039359494	0.015685616	-0.021464914	-0.0106692705	0.0675382	0.31698337	0.001259251	0.067338414	0.06625078	0.11824204	-0.016055387	-0.12748238	0.31920293	-0.010277063	-0.025872454	0
22	32	train	0.042314496	0.07108137	0.1350373	-0.028566793	-0.10097844	0.013554237	0.023020169	-0.0038095384	-0.020836959	-0.034067728	-0.005537889	0.012945099	-0.08913959	0.0041947807	0.037878484	0.078220695	0.071860984	-0.021944156	-0.012444107	-0.01848996	0.002584122	0.015920177	0.30199322	-0.010767917	0.011095841	0.027765403	0.032116458	-0.008023056	-0.00038907115	0.16120382	0.020012585	-0.00917186	0
7	23	train	0.105838425	0.044268325	0.19745725	0.031732738	-0.053380754	-0.009854632	-0.011768137	-0.018830433	-0.02337487	-0.03215617	0.020084128	0.029651904	0.045387562	0.016504755	-0.20872155	-0.016624646	-0.044360656	-9.930369e-05	0.0031327019	-0.10564944	-0.025624266	0.104473054	0.28813872	-0.017918795	0.0042301673	0.0065511568	0.14124955	-0.023810795	0.053767093	0.1085278	-0.029916158	0.012890044	0
20	14	train	0.030687412	0.03782839	0.105449684	0.0020655177	0.026425203	0.016077228	0.027275037	-0.0011265567	-0.0022281595	-0.0014325364	-0.0004702909	0.06522259	0.06571043	-0.008374374	0.04961959	0.056642648	0.06692219	0.053812638	-0.0055898717	0.008760572	0.015429082	0.015173096	0.42528135	0.084378175	0.005244118	0.019091718	0.043379284	-0.00757206	0.0051978393	0.12419912	0.051214844	-0.0006404109	0
28	2	train	0.062700376	0.09767538	0.060143523	-0.025927631	-0.12697822	0.06673998	0.03725268	0.0010854965	-0.0377018	0.02991516	0.0006793528	-0.007615929	-0.20204113	0.008260824	0.12631388	0.0830553	-0.00093934865	-0.03321007	0.03997131	0.0035856217	0.015716577	0.021735918	0.39574614	0.05780975	0.027775975	0.030443834	0.028338872	-0.0029440958	0.05255326	0.13251919	0.014931044	0.006261183	0
15	23	train	0.052199367	0.045821216	0.09828617	0.26354837	0.0331866	0.0017166176	0.12226503	0.013615067	0.011460786	-0.0006699041	0.031988934	0.0058374284	-0.009501627	0.006762734	0.1863336	0.09320433	0.012116257	-0.0013064956	0.0020504468	0.19041403	0.17402804	0.19121191	0.1942269	-0.004153172	-0.00033556667	0.0006639652	0.04003523	0.004732631	0.031604618	0.1011792	-0.01826041	0.0065010167	0
21	6	train	0.17361774	0.078441136	0.17093185	-0.01231009	-0.047740508	2.536671e-05	-0.06677513	-0.005513062	-0.042178165	-0.0032928155	0.046283655	0.015536437	0.014697106	0.03834455	-0.18249962	0.025231173	-0.06935297	-0.009216981	0.0029992447	-0.11269391	-0.008429749	0.120572254	0.2355441	0.0036201421	-0.01135035	0.023608573	0.09789513	-0.026300391	0.052519713	0.1338846	0.0012082343	0.028875751	0
24	34	test	0.0925896	0.07330106	0.07833411	0.24869025	0.043121245	0.022434922	0.14894918	0.06362637	0.03297856	-0.03845523	0.03499945	-0.002302957	-0.05256055	-0.01744621	0.16456157	0.09513676	-0.0344322	-0.008891584	-0.0014099044	0.10805022	0.16972536	0.21493614	0.20089486	0.00083713327	-0.004102329	0.0004622564	0.06854385	-0.0061821616	-0.06443353	0.13458838	0.0061810077	-0.018123599	1
6	7	test	0.5152364	0.09462171	0.24631682	-0.0016750306	0.12856919	0.024571866	0.0067891204	0.0098276185	0.12987167	0.0026082294	0.01954045	0.017515026	0.11818791	0.17956188	0.2132809	-0.004635955	0.5548001	-0.0013697776	0.005172074	0.06171364	0.0011032153	0.06120519	0.34896365	0.031393774	0.030370437	0.15364943	0.40308252	0.07377272	0.0424125	0.16822088	0.0052342303	0.022564894	1
1	11	test	0.33287147	0.108346306	0.18833326	0.0041637085	0.12848112	-0.020270087	-0.011300482	0.009202828	0.08085025	-0.024388105	-0.019269276	0.010903845	0.057799038	0.12987916	-0.010812683	0.0006113281	0.2620144	-0.030400764	0.015775299	0.00855436	-6.848876e-05	0.042460024	0.37165385	-0.008393134	0.058495086	0.019584808	0.25158447	0.09166215	-0.015173896	0.17570946	-0.017963156	0.009604161	1
9	34	test	0.11675016	0.015185703	0.02003447	0.3215049	-0.017661098	-0.0023018674	0.16986422	-0.060617793	0.056513987	-0.10457717	-0.040301234	0.02535792	0.065243535	-0.034378927	-0.02648855	0.03394095	0.012507333	-0.00407775	0.0002176276	-0.016763452	0.04184643	0.20633401	0.18816198	0.008132105	0.0005243051	0.00721969	0.03267106	0.011133727	-0.019150322	0.08434631	-0.032537635	0.0045645093	1
1	5	test	0.32935196	0.10624505	0.19830866	0.0070390054	0.11994251	-0.017796114	-0.01325952	0.0229575	0.07098411	0.008156595	-0.021942958	0.027692694	0.08959422	0.13690911	-0.010868101	0.00088316895	0.26909465	-0.016565638	0.0052421344	0.012160795	-5.0117855e-05	0.036552448	0.45685953	0.0041757994	0.04565184	0.02930489	0.25322735	0.07288122	-0.019352512	0.1902043	-0.009853588	0.012452823	1
26	32	test	0.065164745	0.18816574	0.07935809	0.19846897	0.24678493	0.025509134	0.06899209	0.035408307	0.077589065	-0.024039762	0.005892883	-0.007993849	0.1636416	0.005667536	0.13853274	0.22619127	-0.0103590805	0.015081255	0.1589093	0.06664147	0.1509574	0.19027083	0.17226957	-0.0018991812	0.019255392	0.017854797	0.017170176	0.022061216	-0.0043285545	0.27084103	-0.00058377767	-0.015827881	1
9	33	test	0.16442057	0.022964813	0.012052157	0.39223158	-0.03286614	-0.0016129267	0.20111227	-0.03996757	0.052424964	-0.015887264	-0.0071341116	0.02562127	0.051191732	0.056068722	-0.024176553	0.03080698	-0.028731966	0.011318111	-0.00082728005	-0.020465255	0.024283621	0.16044362	0.23337753	0.039655518	-0.0011096023	0.012917926	0.019925933	0.006307091	0.001797069	0.10647386	0.029574977	-0.0013960166	1
1	4	test	0.08486232	0.09968977	0.082178704	-0.0049452223	0.06898451	0.007773629	0.01914165	0.0008045335	0.02124954	0.027587295	0.011771356	0.016416175	0.055247564	-0.014200959	0.00409139	0.010307452	0.1761727	0.10901479	0.017865751	-0.0020759988	-5.614066e-06	0.018657286	0.5094893	0.17578502	0.0354277	0.008838637	0.04486726	-0.041895594	0.011525384	0.12678361	0.012394907	0.0020015705	1
1	2	test	0.05624965	0.06182901	0.12610386	-0.0038042704	0.0972417	0.012810995	0.016404448	-0.0008327339	0.028956877	0.033635996	-0.0021100377	0.0070614647	0.11846316	0.0137632955	0.005997888	0.0065102833	0.15565905	0.13977465	0.013358416	-0.0020314087	7.382708e-05	0.011763727	0.5703782	0.19170278	0.018830623	0.013466305	0.060690578	0.01336432	0.0079778675	0.078964554	0.014315799	-0.0030136066	1
16	33	test	0.05253276	0.035799187	0.09825443	0.1870458	0.037927296	0.00046750653	0.13673551	0.029068554	-0.005688716	0.01170877	0.018657217	0.026516689	-0.002831494	0.006959561	0.10694378	0.09757342	0.0025636074	0.007048326	0.008614678	0.1245554	0.11043001	0.17163602	0.22545175	-0.018866647	0.0040270784	0.0035553703	0.029797217	0.004852606	-0.0065161483	0.118157715	-0.009446966	-0.0077509545	1
3	9	test	0.15143074	0.029972427	0.011447167	0.07774628	-0.001630219	-0.005444489	0.107738964	-0.03877535	0.002208563	0.034336835	-0.0021109385	-0.0021403818	0.006842888	0.0008465526	-0.01607452	0.032801867	0.046956625	-0.027275918	-0.0014735964	-0.003966267	0.013994084	0.09040651	0.26118833	0.12182245	-0.0054949755	0.020336332	0.016340233	0.02367772	0.012745742	0.12464707	-0.05143433	-2.4826222e-05	1
15	34	test	0.08581332	0.053079125	0.076888226	0.31242776	0.025566952	0.0026238642	0.13795127	0.024450243	0.030306604	-0.00076197734	0.04055333	0.0032789249	-0.009759172	-0.019114193	0.16464205	0.1021059	-0.016855715	-0.0058103115	-0.0016594767	0.13220842	0.17626764	0.23768929	0.1544143	0.0013125421	0.00020618363	0.0015719879	0.04270551	0.0055164304	0.034587033	0.10029074	-0.012866729	0.009329647	1
2	31	test	0.06502589	0.03986868	0.07881614	-0.070054814	0.024575623	-0.019593194	0.07827232	-0.0011664784	-0.013556084	0.014203618	-0.0013340514	0.010512066	0.18948887	0.018635808	0.059256848	0.023563936	-0.07111492	-0.06935721	0.0074372375	0.01019621	0.019823037	0.04359948	0.33477193	0.021948397	-0.009241837	-0.0115519855	0.03534238	0.006444612	-0.017411312	0.047159687	-0.05818915	-0.0037834689	1
1	32	test	0.05286382	0.11757771	0.13489398	0.016785322	-0.11454889	0.0046898834	0.023933379	-0.018368596	-0.040114693	-0.041025024	-0.011691895	0.006666295	-0.06924992	0.009316765	0.0042477767	0.013640461	0.059647884	-0.019169936	0.044139095	-0.015764028	0.00039056735	0.06071146	0.28395796	-0.0080881715	0.01666311	0.008943633	0.03372283	-0.0382872	-0.0007654076	0.14787002	0.0041921786	0.0064373426	1
28	34	test	0.09434616	0.0844409	0.05593657	0.13829347	0.042746894	0.023853062	0.07614017	0.044887263	0.04088939	-0.054837015	0.017778011	-0.014464042	-0.062446725	-0.016978806	0.12497348	0.15294574	-0.00019752973	-0.002571266	-0.008000546	0.026555272	0.104979165	0.135416	0.18864948	0.0024927186	-0.0039074714	0.007227563	0.037296735	0.004420289	-0.13339639	0.147507	0.0064537567	-0.017069712	1
23	33	test	0.042191338	0.032207306	0.09450751	0.24576905	0.02687585	0.003215847	0.13855101	0.013688514	0.01385049	0.01198546	0.0133032	0.028195944	0.013756496	0.005883393	0.15624548	0.111151606	0.012564443	-0.0009892398	0.002125591	0.16261367	0.11478164	0.18418561	0.23418893	-0.007933841	0.00068356347	0.0014080039	0.031601526	0.003872595	-0.008809652	0.09168393	-0.018386573	-0.0057716533	1
30	1	test	0.14116019	0.104692906	0.055517834	0.023945004	-0.057718232	0.0052151703	0.043416042	-0.04064021	-0.027805885	-0.00160752	-0.049554087	0.010752768	-0.021343708	0.010158071	0.0072576934	0.008610264	-0.12551227	-0.032281563	-0.010490232	-0.023796327	0.0005864316	0.06961081	0.31383508	-0.0008807343	0.016370606	-0.0038394378	0.112940826	-0.007695706	-0.008114635	0.13671221	0.0013185425	0.004741847	0
8	7	test	0.15534368	0.09297405	0.116354376	-0.004660749	0.08836688	-0.040923677	-0.005002437	-0.00983943	0.036858954	0.01870174	0.00013969399	0.016721072	0.043439724	-0.016429875	-0.085750595	-0.01309189	0.31654885	-0.0037527997	0.017579116	-0.0010255777	-0.0026687074	0.01916147	0.43570852	0.08269449	0.047890022	0.08216383	0.11935149	-0.019338012	-0.04283881	0.1666929	-0.048768144	-0.0046955277	0
16	14	test	0.020984923	0.03323232	0.14963657	0.0069931247	-0.03585354	0.0010208422	0.04655918	0.015919194	0.0025971923	0.008614968	0.019547205	0.046166267	-0.0054240697	-0.0030978767	0.06667046	0.08217326	-0.0045102206	-0.017307434	0.0071404064	0.034248296	0.06525575	0.06269041	0.30918163	-0.041307222	0.020485247	0.007467493	0.03599627	0.013056085	0.0072248327	0.13150954	0.020833071	0.015535096	0
10	2	test	0.0172197	0.04333783	0.14700519	-0.012419758	0.0017456575	0.012346245	0.02960998	0.0010930623	0.0070707775	-0.02388549	0.003353432	0.008205796	0.021079633	-0.005464509	0.10531399	0.06925069	0.10249118	0.08718902	0.012664026	0.010337367	0.016587434	0.030455524	0.41650596	-0.00926156	0.013828053	0.03900941	0.026499651	-0.0096862195	-0.01031682	0.084360816	0.042823236	-0.009010417	0
28	15	test	0.164386	0.18167414	0.03499523	0.18092136	0.09822817	0.008921886	0.07955053	0.029437046	0.031386442	0.0004656332	0.0075674294	-0.003025601	0.033842474	0.03182951	0.13603094	0.11640801	0.00043758086	0.009425551	0.02933776	0.037961755	0.09236447	0.10931527	0.19405544	0.006363124	-0.0040595606	0.0060982835	0.028817775	0.0030601297	-0.044908088	0.20548852	-0.0058258693	-0.005880357	0
18	15	test	0.094153985	0.08416088	0.07908754	-0.072141945	-0.07395788	0.004489787	0.043322507	-0.014190988	-0.0068917098	0.0003924211	-0.019289395	0.00783762	-0.02500688	0.018565282	0.11296827	0.057034116	-0.07439787	-0.044850662	-0.006881127	-0.030699166	0.0020288283	-0.015233172	0.32206047	0.032882687	-0.0012555773	0.005332865	0.05733804	-0.0036293569	0.0045603295	0.13239011	-0.030715035	-0.005301309	0
9	24	test	0.21948537	0.045119226	0.012769736	0.33479953	-0.06844812	-0.007361664	0.19162117	-0.10344873	0.047204327	0.044814687	-0.014805336	-0.0037255462	-0.19043067	0.058824778	-0.028818123	0.024069495	-0.056598917	0.022874944	-0.0006780159	-0.01958509	0.03545148	0.1506196	0.25181603	0.0132398	-0.010837861	0.0017912987	0.04051702	-0.008637974	0.012010337	0.15768404	-0.014109944	-0.0030545755	0
5	20	test	0.21226129	0.05356129	0.19461624	0.015709113	0.055036705	-0.040840413	-0.026755592	0.002080039	-0.011891459	0.0016954041	-0.0010076839	0.07656127	0.106976695	0.05583003	-0.15970834	0.0054587517	0.13612825	-0.012086116	-0.0034782544	-0.02109506	-0.004572829	0.026644614	0.42011675	0.00399243	0.0083947005	0.046567183	0.18665788	0.01804503	0.04774231	0.1912937	-0.040686745	-0.0015834884	0
16	13	test	0.04354023	0.030684121	0.11174265	0.018643	-0.044639826	0.0014911301	0.057577174	-0.015285724	0.0020776747	-0.05452132	-0.021214541	0.021654682	-0.008096099	0.002017087	0.056049485	0.06330136	-0.005221316	-0.020782832	0.011387281	-0.016588781	0.012946752	0.062221162	0.31626594	-0.060444262	0.021254038	0.011616925	0.042372275	0.0037530495	-0.03668243	0.12481089	0.0147662135	-0.0044168164	0
15	2	test	0.057029646	0.06139825	0.08267094	-0.05857479	-0.07594577	0.0073414743	0.06749465	0.00059127354	-0.02794401	0.00041568044	0.0015496681	0.0017264925	-0.03157498	0.009299768	0.16640791	0.055447355	-0.08015701	-0.07504508	0.008290866	0.017851423	0.026389275	0.038152028	0.3239281	0.03043975	-0.0014656412	0.0066215047	0.03244858	-0.0036741714	-0.013626017	0.090100445	-0.029767733	-0.0034221213	0
17	18	test	0.19411053	0.074122615	0.1831754	-0.012371419	0.15034814	-0.024367208	-0.006339812	0.024313875	0.017882848	-0.010959794	-0.0047128345	0.040848203	0.11284222	0.039881375	-0.15526329	-0.009864705	0.2896827	-0.0013561653	-0.015275486	0.010070333	-0.00027416603	-0.006615733	0.51674706	0.09537172	0.023868302	0.038258456	0.2059079	0.019180235	0.009988397	0.15745191	-0.05405061	-0.01773115	0
34	8	test	0.043971863	0.0447296	0.09257399	-0.029588323	-0.023907604	0.019058788	0.04974472	0.010848217	-0.023543812	-0.04588389	0.00052270823	0.015736606	0.016780145	0.003591077	0.0703301	0.09643629	0.03902882	0.013469088	-0.0031377557	0.0012930186	0.020599985	0.04344388	0.2855181	0.007508456	-0.0036566476	0.009869435	0.04378178	0.005552025	-0.07479815	0.11155586	0.032975603	-0.0068743834	0
2	15	test	0.057029646	0.06139825	0.08267094	-0.05857479	-0.07594577	0.0073414743	0.06749465	0.00059127354	-0.02794401	0.00041568044	0.0015496681	0.0017264925	-0.03157498	0.009299768	0.16640791	0.055447355	-0.08015701	-0.07504508	0.008290866	0.017851423	0.026389275	0.038152028	0.3239281	0.03043975	-0.0014656412	0.0066215047	0.03244858	-0.0036741714	-0.013626017	0.090100445	-0.029767733	-0.0034221213	0
10	14	test	0.014576575	0.05259572	0.12525992	0.0030215536	0.0010338214	0.0067514693	0.02439805	0.016320929	0.0032477882	0.0048940815	0.016275588	0.02741448	0.009792755	0.008153529	0.05928802	0.0974806	0.08710419	0.046008606	0.007986664	0.025699597	0.03799365	0.05388928	0.33771265	-0.0042637154	0.020942181	0.034803756	0.025696004	0.022165602	0.0027246817	0.13193098	0.037102338	0.015058092	0
21	29	test	0.03411304	0.08435235	0.12309812	0.1455346	0.015527181	-2.476138e-05	0.08256879	0.016032018	0.014754407	0.030947438	0.033780217	0.011199276	-0.0030056005	0.002289106	0.07462541	0.10615229	-0.017877309	-0.0019854866	0.024128765	0.11650726	0.08562358	0.20694213	0.17326637	-0.0021957569	-0.008192393	0.009168406	0.018164746	0.0076746396	-0.004191968	0.11541349	-0.0023022757	0.022716573	0
7	3	test	0.2256781	0.10121322	0.08825934	0.009096804	-0.003796026	-0.035627477	-0.008421744	-0.021631137	-0.002415605	0.0120092835	0.0013336348	-0.0014058537	0.0048893797	0.0011486941	-0.11191716	-0.017601179	0.23169082	-0.002954035	0.017167468	-0.01735585	-0.0086794235	0.05690204	0.3179813	0.084833324	0.027240468	0.04368939	0.07535701	-0.059024006	-0.039162315	0.1589742	-0.03332196	-0.00010061317	0
