mS#id	mS#node	C#degree	C#pagerank	C#closeness	C#betweenness	C#clustering	D#flpa	D#louvain	D#markov	D#sbm	cD#class
0	Peter Kolbezen	0.027982	0.001086	0.160549	0.000017	0.600000	0	2	12	13	0
1	Jernej Virant	0.113402	0.002264	0.138333	0.004336	0.600000	1	14	10	18	1
2	Vojko Strle	0.000000	0.000267	0.000000	0.000000	0.000000	2	36	69	0	0
3	Aleksandra Kornhauser	0.019146	0.002718	0.151646	0.000825	0.600000	3	10	18	1	0
4	Tomaž Banovec	0.000000	0.000267	0.000000	0.000000	0.000000	4	37	70	0	0
5	Igor Grabec	0.083947	0.006847	0.011782	0.000117	0.035714	5	15	49	22	7
6	Tatjana Kapus	0.132548	0.003836	0.144368	0.000405	0.428571	6	11	19	45	1
7	Pero Šobot	0.008837	0.000594	0.160862	0.000000	1.000000	7	7	3	3	5
8	Vladislav Rajkovič	0.225331	0.007504	0.250108	0.086414	0.123153	8	0	34	57	7
9	Rudi Murn	0.017673	0.001193	0.162123	0.001080	0.600000	9	2	12	13	1
10	Marjan Pivka	0.002946	0.001777	0.001473	0.000000	0.000000	10	23	50	0	5
11	Jože Zupančič	0.053019	0.002224	0.185582	0.005082	0.333333	11	0	71	23	5
12	Zvonimir Jamšek	0.000000	0.000267	0.000000	0.000000	0.000000	12	38	72	0	3
13	Marjan Krisper	0.334315	0.007591	0.257905	0.086598	0.170115	13	8	6	46	5
14	Boris Sobočan	0.000000	0.000267	0.000000	0.000000	0.000000	14	39	73	0	1
15	Boris Glavič	0.008837	0.001049	0.138507	0.000000	1.000000	15	4	35	7	5
16	Zmago Brezočnik	0.170839	0.004913	0.164459	0.009373	0.227273	6	11	19	45	1
17	Zoran Radalj	0.000000	0.000267	0.000000	0.000000	0.000000	16	40	74	0	7
18	John Shawe-Taylor	0.000000	0.000267	0.000000	0.000000	0.000000	17	41	75	0	5
19	Rafael Črv	0.000000	0.000267	0.000000	0.000000	0.000000	18	42	76	0	5
20	Mirko Vintar	0.106038	0.002302	0.179248	0.000687	0.700000	19	0	36	35	5
21	Saša Divjak	0.039764	0.003480	0.191267	0.026673	0.142857	20	10	15	7	3
22	Andrej Dobnikar	0.120766	0.005275	0.194757	0.032350	0.175824	21	12	17	25	7
23	Ivan Bratko	0.427099	0.011046	0.235009	0.025348	0.173016	22	5	13	58	7
24	Veselko Guštin	0.058910	0.002130	0.170475	0.008224	0.238095	23	12	77	25	1
25	Vid Mikulič	0.000000	0.000267	0.000000	0.000000	0.000000	24	43	78	0	5
26	Mitja Lasič	0.010309	0.000978	0.175075	0.000000	1.000000	25	2	26	11	1
27	Dušan Peček	0.017673	0.001193	0.162123	0.001080	0.600000	9	2	12	13	0
28	Viktor Vaupot	0.007364	0.000496	0.163242	0.000947	0.600000	26	1	7	3	7
29	Marko Bohanec	0.346097	0.009360	0.233187	0.020579	0.217391	8	0	27	59	0
30	Marjan Špegel	0.029455	0.002483	0.189190	0.006467	0.222222	25	2	26	11	1
31	Peter Tancig	0.004418	0.000422	0.177613	0.000121	0.000000	27	5	1	2	5
32	Bruno Stiglic	0.147275	0.002828	0.192491	0.006305	0.333333	28	1	7	47	5
33	Viljem Žumer	0.767305	0.012400	0.200906	0.021772	0.206897	29	1	2	60	1
34	Ivan Vezočnik	0.038292	0.001188	0.205523	0.003308	0.469697	28	3	0	19	0
35	Viljan Mahnič	0.060383	0.003069	0.231070	0.015500	0.166667	30	8	32	15	3
36	Igor Mozetič	0.083947	0.002571	0.206679	0.007199	0.248366	8	0	8	48	0
37	Saša Prešern	0.002946	0.000436	0.131672	0.000000	1.000000	9	2	12	0	1
38	Franc Jager	0.039764	0.004186	0.172610	0.013068	0.055556	15	4	35	7	3
39	Peter Reinhardt	0.017673	0.001426	0.182915	0.000352	0.600000	25	2	26	11	1
40	Tone Vidmar	0.094256	0.002618	0.154912	0.000117	0.733333	31	4	28	32	1
41	Senta Šetinc	0.000000	0.000267	0.000000	0.000000	0.000000	32	44	79	0	5
42	Peter Kokol	0.718704	0.011298	0.204381	0.012454	0.243952	26	1	7	61	0
43	Nikola Guid	0.181149	0.007763	0.176194	0.010658	0.161905	7	7	37	49	3
44	Igor Škraba	0.001473	0.000326	0.156673	0.000000	0.000000	33	12	38	0	1
45	Tomaž Mohorič	0.004418	0.000369	0.205396	0.002347	0.333333	13	8	6	0	5
46	Eva Klemenčič	0.002946	0.000337	0.160083	0.000000	0.000000	34	0	5	0	5
47	Jure Dimec	0.022091	0.001369	0.218123	0.006112	0.285714	34	0	5	14	5
48	Bojan Novak	0.029455	0.000665	0.188221	0.000000	1.000000	26	1	7	16	5
49	Alojz Urbajs	0.002946	0.000901	0.004602	0.000000	1.000000	35	17	29	1	5
50	Branko Zebec	0.002946	0.000770	0.004091	0.000000	0.000000	35	17	29	1	0
51	Igor Kononenko	0.243004	0.007888	0.221037	0.029064	0.163333	36	5	11	62	7
52	Slavko Mavrič	0.005891	0.000461	0.169776	0.000159	0.666667	0	2	30	13	7
53	Jana Bradač	0.002946	0.001777	0.002946	0.000000	1.000000	37	20	41	0	5
54	Tatjana Zrimec	0.026510	0.000991	0.205014	0.003038	0.400000	36	5	11	20	0
55	Tanja Urbančič	0.101620	0.003084	0.214170	0.008747	0.295238	8	6	8	39	7
56	Davor Bonačić	0.017673	0.000598	0.174890	0.000358	0.600000	28	1	0	5	5
57	Elizabeta Kmecl	0.002946	0.001777	0.002946	0.000000	1.000000	37	20	41	0	5
58	Borut Robič	0.203240	0.006451	0.181311	0.004845	0.230769	0	2	30	36	3
59	Petar Brajak	0.004418	0.000345	0.177422	0.000000	1.000000	38	9	4	4	0
60	Janez Benkovič	0.010309	0.000995	0.190277	0.007508	0.300000	8	10	27	1	7
61	Bano Diallo	0.000000	0.000267	0.000000	0.000000	0.000000	39	45	80	0	0
62	Tomaž Erjavec	0.083947	0.002471	0.212519	0.016564	0.261438	38	9	4	26	5
63	Bogdan Filipič	0.103093	0.003684	0.238052	0.034757	0.142292	27	6	1	24	7
64	Ankica Babić	0.008837	0.000730	0.161490	0.001097	0.000000	40	9	4	4	5
65	Stanko Blatnik	0.005891	0.000668	0.160083	0.000618	0.000000	25	2	26	0	7
66	Andrej Križnik	0.001473	0.001777	0.001473	0.000000	0.000000	41	24	51	0	7
67	Ljubo Pipan	0.020619	0.000775	0.171358	0.008545	0.380952	29	3	2	8	1
68	Franc Novak	0.231222	0.007242	0.217121	0.026972	0.142857	42	2	20	50	1
69	Konrad Steblovnik	0.000000	0.000267	0.000000	0.000000	0.000000	43	46	81	0	7
70	Marko Ahčan	0.004418	0.000781	0.151508	0.000088	0.666667	3	10	18	1	5
71	Bojan Boštjančič	0.000000	0.000267	0.000000	0.000000	0.000000	44	47	82	0	0
72	Bojan Cestnik	0.129602	0.003494	0.233023	0.013601	0.366013	8	0	5	39	7
73	Jože Rugelj	0.088365	0.004079	0.186313	0.006440	0.178571	45	11	21	27	1
74	Aleš Leonardis	0.232695	0.009126	0.188973	0.015782	0.130719	46	4	9	51	7
75	Nikolaj Zimic	0.265096	0.005126	0.130736	0.002603	0.509091	1	14	10	40	1
76	József Györkös	0.316642	0.004670	0.221481	0.012400	0.339921	28	3	0	52	5
77	Zoran Stančič	0.000000	0.000267	0.000000	0.000000	0.000000	47	48	83	0	5
78	Vojko Artač	0.000000	0.000267	0.000000	0.000000	0.000000	48	49	84	0	5
79	Jasna Maver	0.029455	0.001323	0.172790	0.000420	0.500000	46	5	9	17	7
80	Marko Bonač	0.002946	0.000449	0.169601	0.000000	0.000000	49	2	39	0	1
81	Borut Žalik	0.269514	0.011909	0.199213	0.036225	0.113757	7	7	3	49	1
82	Boris Hreščak	0.000000	0.000267	0.000000	0.000000	0.000000	50	50	85	0	1
83	Mira Trebar	0.033873	0.001624	0.159389	0.000677	0.333333	21	12	17	25	1
84	Milan Ojsteršek	0.201767	0.004587	0.203251	0.017072	0.224615	29	1	42	53	1
85	Roman Trobec	0.098675	0.005089	0.202133	0.016468	0.133333	51	2	22	11	1
86	Niko Schlamberger	0.000000	0.000267	0.000000	0.000000	0.000000	52	51	86	0	5
87	Robert Leskovar	0.113402	0.004499	0.186104	0.006175	0.290909	53	0	52	23	5
88	Alen Varšek	0.004418	0.000382	0.193391	0.000000	1.000000	22	6	13	2	7
89	Miroslav Kolarič	0.007364	0.000380	0.176100	0.000027	0.900000	28	1	0	5	5
90	Branko Namestnik	0.000000	0.000267	0.000000	0.000000	0.000000	54	52	87	0	5
91	Primož Bradač	0.002946	0.001777	0.002946	0.000000	1.000000	37	20	41	0	5
92	Tine Petkovšek	0.002946	0.000624	0.005155	0.000000	1.000000	55	16	23	0	1
93	Ivan Rozman	1.100147	0.015838	0.229150	0.033746	0.205128	28	3	0	63	5
94	Maksimiljan Gerkeš	0.042710	0.000951	0.185895	0.001833	0.527273	28	1	0	19	5
95	Marijan Miletić	0.002946	0.000647	0.148984	0.000000	1.000000	56	2	26	0	5
96	Matjaž Debevc	0.032401	0.001402	0.164378	0.003514	0.190476	6	11	21	28	0
97	Kornelija Zgonc	0.001473	0.000368	0.006284	0.000000	0.000000	5	15	24	0	7
98	Branko Korošec	0.001473	0.001777	0.001473	0.000000	0.000000	57	25	53	0	1
99	Matjaž Cigrovski	0.000000	0.000267	0.000000	0.000000	0.000000	58	53	88	0	5
100	Matjaž Gams	0.413844	0.013722	0.251438	0.054686	0.102207	27	6	1	64	7
101	Kordija Stiglic	0.002946	0.000315	0.150955	0.000000	0.000000	28	1	7	5	5
102	Krista Rizman Žalik	0.054492	0.001098	0.191378	0.005255	0.476190	28	1	0	19	3
103	Bogdan Dugonik	0.058910	0.001859	0.167033	0.004176	0.400000	6	11	19	28	0
104	Jure Ferbežar	0.001473	0.001777	0.001473	0.000000	0.000000	59	26	54	0	3
105	Vido Vouk	0.001473	0.001777	0.001473	0.000000	0.000000	59	26	54	0	3
106	Nada Lavrač	0.365243	0.010575	0.238224	0.028238	0.210753	8	0	8	65	7
107	Damjan Bojadžiev	0.008837	0.000508	0.197077	0.000210	0.500000	38	0	8	2	7
108	Tomaž Dogša	0.036819	0.001017	0.178379	0.002269	0.357143	28	1	0	19	3
109	Miroslav Petrič	0.000000	0.000267	0.000000	0.000000	0.000000	60	54	89	0	3
110	Iztok Tvrdy	0.000000	0.000267	0.000000	0.000000	0.000000	61	55	90	0	1
111	Tatjana Ogrinc	0.000000	0.000267	0.000000	0.000000	0.000000	62	56	91	0	3
112	Janez Renko	0.000000	0.000267	0.000000	0.000000	0.000000	63	57	92	0	3
113	Dušan Kodek	0.041237	0.001961	0.201887	0.005978	0.100000	33	12	38	22	1
114	France Mihelič	0.431517	0.008473	0.195447	0.007542	0.304094	38	9	4	41	7
115	Franc Solina	0.198822	0.007616	0.205779	0.023753	0.108225	64	4	16	51	7
116	Marko Ambrož	0.000000	0.000267	0.000000	0.000000	0.000000	65	58	93	0	1
117	Matjaž Colnarič	0.134021	0.002601	0.179443	0.001852	0.448718	66	1	55	42	1
118	Igor Ozimek	0.044183	0.003224	0.223879	0.023826	0.161905	49	2	39	11	1
119	Jurij Šilc	0.262150	0.007589	0.206550	0.013951	0.210526	0	2	12	36	1
120	Julija Lapuh Bele	0.022091	0.001112	0.158322	0.000750	0.000000	45	11	43	27	5
121	Igor Korelič	0.002946	0.000837	0.184444	0.002055	0.000000	67	0	56	0	5
122	Slavko Kastelic	0.000000	0.000267	0.000000	0.000000	0.000000	68	59	94	0	5
123	Iztok Koren	0.004418	0.000587	0.145961	0.000000	1.000000	15	4	44	0	7
124	Matjaž Likar	0.022091	0.001078	0.160862	0.000000	1.000000	7	7	3	12	7
125	Nenad Međeral	0.000000	0.000267	0.000000	0.000000	0.000000	69	60	95	0	7
126	Aram Karalič	0.023564	0.000903	0.210491	0.000740	0.571429	27	6	1	9	7
127	Vojko Ambrožič	0.002946	0.000901	0.004602	0.000000	1.000000	35	17	29	1	5
128	Matevž Kovačič	0.013255	0.000696	0.194872	0.001308	0.380952	64	0	11	6	7
129	Slavko Može	0.000000	0.000267	0.000000	0.000000	0.000000	70	61	96	0	0
130	Aleš Jelovšek	0.002946	0.000449	0.169601	0.000000	0.000000	49	2	39	0	0
131	Bojana Lunar-Peček	0.002946	0.000469	0.006284	0.000000	0.000000	5	15	24	0	7
132	Ivo Ipšić	0.104566	0.002052	0.164296	0.000001	0.900000	38	9	4	26	7
133	Polonca Blaznik	0.010309	0.000566	0.175261	0.000205	0.600000	0	2	12	13	1
134	Gabrijela Dreo	0.014728	0.000575	0.156155	0.000000	1.000000	29	1	2	8	1
135	Andreja Zaveršek	0.010309	0.000622	0.173515	0.000205	0.666667	28	3	0	5	0
136	Aleksandra Krumpak	0.014728	0.002090	0.151577	0.000821	0.666667	3	10	18	1	7
137	Anto Jurković	0.000000	0.000267	0.000000	0.000000	0.000000	71	62	97	0	0
138	Barbara Koroušić-Seljak	0.032401	0.001162	0.171447	0.000140	0.600000	0	2	12	13	1
139	Peter Krošelj	0.000000	0.000267	0.000000	0.000000	0.000000	72	63	98	0	3
140	Božo Urh	0.019146	0.000730	0.188973	0.000000	1.000000	8	0	34	1	5
141	Dejan Leskovšek	0.000000	0.000267	0.000000	0.000000	0.000000	73	64	99	0	5
142	Marjan Heričko	0.773196	0.011957	0.216694	0.028309	0.195238	28	3	0	54	3
143	Heri Špička	0.000000	0.000267	0.000000	0.000000	0.000000	74	65	100	0	1
144	Denis Trček	0.032401	0.003602	0.192156	0.021373	0.071429	75	13	31	10	5
145	Robert Vilhar	0.000000	0.000267	0.000000	0.000000	0.000000	76	66	101	0	0
146	Aleš Šuntar	0.002946	0.002307	0.003314	0.000009	0.000000	77	19	57	0	5
147	Tomo Rugelj	0.001473	0.001777	0.001473	0.000000	0.000000	78	27	58	0	5
148	Sašo Džeroski	0.444772	0.012316	0.216270	0.018378	0.179803	34	0	5	66	7
149	Jelena Ficzko	0.063328	0.001499	0.153975	0.016771	0.472222	1	14	10	18	1
150	Aleš Jaklič	0.076583	0.003492	0.173333	0.006114	0.244444	64	4	9	17	7
151	Marjan Mernik	0.444772	0.007872	0.225404	0.038930	0.219577	29	1	2	67	1
152	Branislav Šmitek	0.017673	0.001604	0.147129	0.000021	0.000000	79	0	102	1	5
153	Damijana Keržič	0.000000	0.000267	0.000000	0.000000	0.000000	80	67	103	0	5
154	Romana Vajde Horvat	0.296024	0.004335	0.210491	0.005576	0.450000	28	3	0	52	3
155	Niko Čižek	0.030928	0.000935	0.178668	0.000546	0.533333	29	1	2	8	1
156	Miran Kokol	0.005891	0.000671	0.006284	0.000000	0.000000	5	15	24	0	7
157	Boris Ahlin	0.000000	0.000267	0.000000	0.000000	0.000000	81	68	104	0	5
158	Filip Samo Balan	0.020619	0.000785	0.144117	0.000000	1.000000	6	11	19	28	1
159	Viljem Križman	0.054492	0.001841	0.214309	0.001880	0.472727	27	6	1	24	7
160	Tone Ljubič	0.020619	0.001454	0.185166	0.000000	1.000000	82	0	105	1	5
161	Borut Hribovšek	0.005891	0.000433	0.184959	0.000000	0.000000	27	6	1	9	7
162	Borut Korenjak	0.004418	0.000395	0.170827	0.000027	0.666667	27	6	1	2	3
163	Aleš Dobnikar	0.039764	0.001957	0.195102	0.004667	0.100000	27	6	1	9	5
164	Simon Dobrišek	0.263623	0.005173	0.193731	0.004962	0.409524	38	9	4	41	7
165	Bojan Slemnik	0.000000	0.000267	0.000000	0.000000	0.000000	83	69	106	0	3
166	Zoran Svetec	0.000000	0.000267	0.000000	0.000000	0.000000	84	70	107	0	5
167	Mitja Debeljak	0.002946	0.000306	0.164296	0.000000	1.000000	29	1	2	0	5
168	Igor Benko	0.000000	0.000267	0.000000	0.000000	0.000000	85	71	108	0	0
169	Dejan Dinevski	0.053019	0.001375	0.210894	0.021702	0.381818	26	1	7	16	5
170	Drago Torkar	0.030928	0.001498	0.189623	0.005379	0.285714	9	2	12	13	5
171	Matija Drobnič	0.033873	0.001309	0.186839	0.000230	0.666667	27	6	1	9	7
172	Anton Biasizzo	0.156112	0.004844	0.189298	0.002345	0.254545	42	2	20	50	1
173	Tomaž Kolmanič	0.011782	0.000495	0.151161	0.000000	1.000000	28	1	7	5	7
174	Jerneja Žganec Gros	0.319588	0.006564	0.207067	0.011289	0.321637	38	9	4	41	7
175	Matjaž Ivačič	0.000000	0.000267	0.000000	0.000000	0.000000	86	72	109	0	5
176	Natalija Trstenjak	0.014728	0.000761	0.174798	0.000977	0.500000	7	1	3	12	3
177	Danica Dolničar	0.014728	0.002541	0.151231	0.006982	0.214286	3	10	18	1	1
178	Aleš Musar	0.007364	0.001194	0.126343	0.000000	1.000000	3	10	18	1	7
179	Miro Jeraj	0.023564	0.001672	0.185374	0.001014	0.700000	82	0	45	1	5
180	Polde Podlogar	0.010309	0.000998	0.147194	0.000006	0.000000	79	0	59	1	1
181	Mladen Stanojević	0.000000	0.000267	0.000000	0.000000	0.000000	87	73	110	0	0
182	Bogomir Romih	0.001473	0.001777	0.001473	0.000000	0.000000	41	24	51	0	7
183	Iztok Bitenc	0.032401	0.001290	0.185270	0.001005	0.700000	8	0	27	23	5
184	Borut Werber	0.025037	0.001160	0.146672	0.000000	0.000000	11	0	111	23	5
185	Pavle Popović	0.000000	0.000267	0.000000	0.000000	0.000000	88	74	112	0	7
186	Urban Jan	0.000000	0.000267	0.000000	0.000000	0.000000	89	75	113	0	0
187	Uroš Petric	0.000000	0.000267	0.000000	0.000000	0.000000	90	76	114	0	1
188	Rudi Panjtar	0.001473	0.000548	0.002946	0.000000	0.000000	91	18	46	0	1
189	Tomaž Kern	0.020619	0.001625	0.185478	0.003069	0.466667	82	0	45	1	5
190	Domen Verber	0.106038	0.002205	0.177995	0.002946	0.285714	66	1	60	42	5
191	Boštjan Vovk	0.000000	0.000267	0.000000	0.000000	0.000000	92	77	115	0	7
192	Blaž Zupan	0.328424	0.008565	0.241000	0.038915	0.183333	93	5	14	55	7
193	Dunja Mladenić	0.156112	0.005831	0.209957	0.014851	0.152174	94	0	25	48	7
194	Karmen Pepelnjak	0.057437	0.001235	0.164215	0.000000	1.000000	38	9	4	26	7
195	Maja Gerkšič	0.002946	0.001777	0.001473	0.000000	0.000000	95	28	61	1	7
196	Irena Nančovska Šerbec	0.086892	0.003686	0.218844	0.011856	0.178571	45	11	43	27	7
197	Matjaž Mencej	0.001473	0.000376	0.150201	0.000000	0.000000	20	10	15	0	3
198	Bojan Stanonik	0.001473	0.000365	0.146607	0.000000	0.000000	82	0	45	0	5
199	Boštjan Slivnik	0.048601	0.002365	0.180717	0.001128	0.523810	51	2	30	11	3
200	Jure Artiček	0.000000	0.000267	0.000000	0.000000	0.000000	96	78	116	0	7
201	Primož Kranjec	0.008837	0.000585	0.166696	0.000000	0.000000	45	11	21	2	0
202	Stanislav Gruden	0.027982	0.001075	0.177327	0.002055	0.750000	38	9	4	4	8
203	Francelj Trdič	0.004418	0.002619	0.002946	0.000004	0.000000	97	21	47	0	7
204	Luka Logar	0.000000	0.000267	0.000000	0.000000	0.000000	98	79	117	0	0
205	Miha Mraz	0.253314	0.004809	0.130684	0.001569	0.600000	1	14	10	40	1
206	Primož Podgornik	0.011782	0.000687	0.167541	0.000734	0.666667	21	12	17	4	7
207	Marko Privošnik	0.038292	0.003098	0.150611	0.000000	1.000000	20	10	15	7	7
208	Igor Rožanc	0.025037	0.001351	0.173788	0.000000	1.000000	30	8	32	15	3
209	Tomaž Klobučar	0.029455	0.002821	0.151786	0.008169	0.300000	99	13	33	10	1
210	Matej Caf	0.002946	0.001777	0.001473	0.000000	0.000000	100	29	62	0	3
211	Marjan Štrakl	0.007364	0.000447	0.133210	0.000000	1.000000	6	11	19	28	1
212	Aleksander Kvas	0.026510	0.000796	0.164869	0.000000	1.000000	29	3	2	8	1
213	Andrej Miksić	0.000000	0.000267	0.000000	0.000000	0.000000	101	80	118	0	1
214	Vesna Prašnikar	0.000000	0.000267	0.000000	0.000000	0.000000	102	81	119	0	7
215	Ivan Lah	0.036819	0.000733	0.174429	0.000000	1.000000	28	3	0	19	5
216	Darjan Petrič	0.000000	0.000267	0.000000	0.000000	0.000000	103	82	120	0	5
217	Gordana Budimir	0.000000	0.000267	0.000000	0.000000	0.000000	104	83	121	0	5
218	Alenka Koželj Mernik	0.000000	0.000267	0.000000	0.000000	0.000000	105	84	122	0	5
219	Tvrtko Šercar	0.019146	0.003847	0.007364	0.000035	0.200000	35	17	29	1	5
220	Milan Kozole	0.000000	0.000267	0.000000	0.000000	0.000000	106	85	123	0	1
221	Mojca Ciglarič	0.123711	0.003406	0.191157	0.009914	0.355556	31	4	28	32	0
222	Mojca Parkelj	0.002946	0.001777	0.001473	0.000000	0.000000	95	28	61	1	7
223	Mina Žele	0.000000	0.000267	0.000000	0.000000	0.000000	107	86	124	0	1
224	Uroš Pompe	0.013255	0.000660	0.168823	0.000004	0.666667	36	5	11	20	7
225	Jure Skvarč	0.002946	0.001719	0.001964	0.000000	0.000000	97	21	47	0	7
226	Matjaž Horvat	0.017673	0.001082	0.140865	0.000002	0.666667	7	7	3	12	0
227	Alenka Žužek	0.066274	0.002103	0.186313	0.000957	0.500000	42	2	20	29	1
228	Stanislav Mihelčič	0.000000	0.000267	0.000000	0.000000	0.000000	108	87	125	0	5
229	Janez Hafner	0.000000	0.000267	0.000000	0.000000	0.000000	109	88	126	0	1
230	Zoran Bistrički	0.001473	0.001777	0.001473	0.000000	0.000000	110	30	63	0	3
231	Brane Brodnik	0.000000	0.000267	0.000000	0.000000	0.000000	111	89	127	0	1
232	Andrej Kores	0.001473	0.001777	0.001473	0.000000	0.000000	110	30	63	0	1
233	Marko Šinkovc	0.007364	0.000520	0.147260	0.000004	0.666667	53	0	52	1	5
234	Jože Senegačnik	0.000000	0.000267	0.000000	0.000000	0.000000	112	90	128	0	1
235	Branko Šter	0.045655	0.001970	0.187900	0.004936	0.305556	21	12	17	25	7
236	Hubert Fröhlich	0.000000	0.000267	0.000000	0.000000	0.000000	113	91	129	0	5
237	Borut Žnidar	0.002946	0.000363	0.166780	0.000000	1.000000	8	0	25	2	1
238	Franc Bračun	0.014728	0.001424	0.154985	0.002366	0.333333	75	13	31	10	1
239	Boris Antolovič	0.002946	0.000469	0.006284	0.000000	0.000000	5	15	24	0	1
240	Matjaž Kukar	0.078056	0.002607	0.227418	0.024295	0.208791	36	5	11	20	7
241	Darko Lestan	0.000000	0.000267	0.000000	0.000000	0.000000	114	92	130	0	5
242	Matjaž Urank	0.000000	0.000267	0.000000	0.000000	0.000000	115	93	131	0	5
243	Roman Gumzej	0.042710	0.000983	0.145511	0.000000	1.000000	66	1	60	42	5
244	Tomaž Poštuvan	0.000000	0.000267	0.000000	0.000000	0.000000	116	94	132	0	3
245	Anka Rogina	0.008837	0.001733	0.004602	0.000000	1.000000	35	17	29	1	5
246	Darko Zupanič	0.035346	0.001404	0.201395	0.002314	0.305556	8	0	5	21	7
247	Črtomir Oblonšek	0.020619	0.001113	0.160940	0.000484	0.666667	7	7	3	12	3
248	Istok Colja	0.000000	0.000267	0.000000	0.000000	0.000000	117	95	133	0	3
249	Robert Rozman	0.050074	0.002196	0.166949	0.000232	0.333333	33	12	38	22	1
250	Andrej Orel	0.008837	0.000489	0.182612	0.000000	1.000000	8	6	8	2	0
251	Robert Špendl	0.005891	0.000418	0.188973	0.000000	1.000000	8	0	27	1	7
252	Primož Potočnik	0.047128	0.003501	0.006284	0.000000	0.000000	5	15	24	22	7
253	Boris Benko	0.022091	0.000688	0.182410	0.000772	0.600000	29	3	2	8	5
254	Irena Lipar	0.000000	0.000267	0.000000	0.000000	0.000000	118	96	134	0	7
255	Aleš Klemenčič	0.001473	0.000316	0.148783	0.000000	0.000000	46	4	9	0	2
256	Anka Dolinar	0.000000	0.000267	0.000000	0.000000	0.000000	119	97	135	0	5
257	Irena Sajovic	0.002946	0.000816	0.124396	0.000000	1.000000	3	10	18	1	0
258	Anton Pozne	0.016200	0.000836	0.166865	0.001386	0.333333	38	9	4	4	7
259	Stanko Koželj	0.000000	0.000267	0.000000	0.000000	0.000000	120	98	136	0	5
260	Andrej Duh	0.002946	0.000339	0.133210	0.000000	1.000000	6	11	19	0	1
261	Rok Rupnik	0.135493	0.003193	0.200784	0.002156	0.466667	13	8	6	30	5
262	Marko Robnik Šikonja	0.055965	0.001933	0.180520	0.000206	0.533333	36	5	11	20	7
263	Špela Hleb Babič	0.054492	0.001004	0.174062	0.000035	0.700000	26	1	7	16	0
264	Nikolaj Korbar	0.030928	0.000733	0.177327	0.000008	0.866667	29	1	2	8	3
265	Urban Bergant	0.002946	0.000319	0.110187	0.000000	1.000000	1	14	10	0	0
266	Tomaž Bartol	0.002946	0.000397	0.140805	0.000000	1.000000	7	7	37	3	5
267	Mojca Sabolič Mijovič	0.001473	0.000311	0.177613	0.000000	0.000000	27	6	1	0	3
268	Martin Puhar	0.002946	0.002307	0.003314	0.000009	0.000000	77	19	64	0	5
269	Robert Verlič	0.008837	0.000788	0.178764	0.000000	1.000000	49	2	22	11	1
270	Andrej Gogala	0.000000	0.000267	0.000000	0.000000	0.000000	121	99	137	0	5
271	Mateja Podlogar	0.029455	0.001492	0.145001	0.000582	0.666667	122	13	40	10	5
272	Georg Pollak	0.000000	0.000267	0.000000	0.000000	0.000000	123	100	138	0	1
273	Čedo Malič	0.000000	0.000267	0.000000	0.000000	0.000000	124	101	139	0	7
274	Bojan Kverh	0.025037	0.001141	0.173515	0.000236	0.500000	64	4	16	17	7
275	Davorka Šel	0.004418	0.000812	0.152696	0.002055	0.000000	27	6	1	0	7
276	Tomaž Šef	0.089838	0.003219	0.218411	0.013697	0.217949	27	6	1	24	7
277	Jana Grohar	0.000000	0.000267	0.000000	0.000000	0.000000	125	102	140	0	7
278	David Podgorelec	0.057437	0.002527	0.161332	0.000338	0.500000	7	7	3	12	1
279	Aleš Časar	0.029455	0.000993	0.133263	0.000000	1.000000	6	11	19	28	1
280	Matija Marolt	0.042710	0.003733	0.150748	0.004105	0.300000	20	10	15	7	3
281	Janez Bostič	0.000000	0.000267	0.000000	0.000000	0.000000	126	103	141	0	1
282	Rok Prešeren	0.000000	0.000267	0.000000	0.000000	0.000000	127	104	142	0	0
283	Dorian Šuc	0.048601	0.001446	0.184753	0.001433	0.333333	22	5	13	31	7
284	Primož Skočir	0.025037	0.002499	0.002946	0.000000	0.000000	128	18	143	7	0
285	Tanasko Tasić	0.000000	0.000267	0.000000	0.000000	0.000000	129	105	144	0	5
286	Simon Križaj	0.000000	0.000267	0.000000	0.000000	0.000000	130	106	145	0	3
287	Bojan Oštir	0.013255	0.002512	0.004602	0.000000	1.000000	35	17	29	1	5
288	Igor Zaverski	0.001473	0.000301	0.142136	0.000000	0.000000	28	1	0	0	5
289	Uroš Lotrič	0.036819	0.001880	0.152767	0.002055	0.500000	21	12	17	25	7
290	Janez Brest	0.356406	0.005337	0.186523	0.004437	0.397059	29	1	2	68	1
291	Alenka Kavčič	0.036819	0.003143	0.154262	0.000915	0.333333	20	10	15	7	3
292	Srečko Fridl	0.000000	0.000267	0.000000	0.000000	0.000000	131	107	146	0	0
293	Marko Bajec	0.247423	0.005942	0.207456	0.004628	0.438095	13	8	6	46	5
294	Samo Uršej	0.000000	0.000267	0.000000	0.000000	0.000000	132	108	147	0	1
295	Valdi Brajković	0.000000	0.000267	0.000000	0.000000	0.000000	133	109	148	0	0
296	Franc Močilar	0.014728	0.001777	0.001473	0.000000	0.000000	134	31	149	1	1
297	Arijan Šiška	0.007364	0.000706	0.139794	0.000047	0.000000	40	9	4	4	3
298	Franc Škedelj	0.001473	0.000623	0.145961	0.000000	0.000000	67	0	56	0	0
299	Gregor Molan	0.000000	0.000267	0.000000	0.000000	0.000000	135	110	150	0	7
300	Simon Kolmanič	0.042710	0.001905	0.161097	0.000830	0.500000	7	7	3	12	3
301	Maja Ferle	0.001473	0.000330	0.173697	0.000000	0.000000	30	8	32	0	1
302	Radovan Sernec	0.007364	0.001657	0.004713	0.000013	0.333333	91	18	46	1	0
303	Ljupčo Todorovski	0.226804	0.006344	0.207586	0.010685	0.166008	34	0	5	69	0
304	Vili Podgorelec	0.304860	0.004614	0.184444	0.001971	0.408333	26	1	7	56	0
305	Janez Demšar	0.216495	0.005408	0.202133	0.003003	0.333333	93	5	14	55	7
306	Ivan Gabrijel	0.011782	0.000704	0.152555	0.000000	1.000000	21	12	17	4	1
307	Bor Prihavec	0.020619	0.000914	0.182511	0.000062	0.666667	64	4	16	6	0
308	Damjan Demšar	0.035346	0.001107	0.203002	0.000050	0.800000	34	0	5	14	7
309	Andreja Pucihar	0.067747	0.003082	0.145001	0.000582	0.666667	122	13	40	10	5
310	Uroš Kač	0.042710	0.001398	0.176100	0.000031	0.666667	42	2	20	29	1
311	Iztok Lapanja	0.064801	0.001461	0.130530	0.001264	0.666667	1	14	10	18	1
312	Gregor Lenart	0.036819	0.001638	0.170212	0.005138	0.400000	122	13	40	10	5
313	Arso Savanović	0.014728	0.001777	0.001473	0.000000	0.000000	134	31	151	1	0
314	Milan Zorman	0.298969	0.004837	0.194872	0.002136	0.411765	26	1	7	56	7
315	Robert Meolic	0.048601	0.001474	0.144180	0.000111	0.833333	6	11	19	28	1
316	Aleš Lavrič	0.000000	0.000267	0.000000	0.000000	0.000000	136	111	152	0	5
317	Janja Jakončič-Faganel	0.014728	0.000574	0.177327	0.000000	1.000000	26	1	7	3	0
318	Aleš Živkovič	0.176730	0.002788	0.208633	0.003721	0.458333	28	3	0	33	5
319	Boštjan Marušič	0.027982	0.002940	0.004713	0.000013	0.333333	128	18	153	7	2
320	Tomaž Degen	0.008837	0.000477	0.150337	0.000000	1.000000	31	4	28	6	1
321	Tomaž Dobravec	0.027982	0.001040	0.153975	0.000754	0.000000	0	12	12	13	3
322	Danijel Skočaj	0.108984	0.003898	0.193053	0.004433	0.355556	46	4	9	17	7
323	Aleš Smrdel	0.023564	0.002427	0.138507	0.000000	1.000000	15	4	44	7	3
324	Andrej Štrancar	0.041237	0.001823	0.166445	0.001171	0.333333	33	12	38	22	1
325	Gregor Papa	0.138439	0.004185	0.216553	0.025282	0.175439	0	2	30	36	1
326	Simon Vavpotič	0.007364	0.000545	0.152415	0.000000	1.000000	21	12	17	4	7
327	Roman Starin	0.000000	0.000267	0.000000	0.000000	0.000000	137	112	154	0	7
328	Matjaž B. Jurič	0.553756	0.008626	0.211298	0.013444	0.266667	28	3	0	54	5
329	Tomaž Domajnko	0.245950	0.003550	0.214865	0.012145	0.512821	28	3	0	33	5
330	Mitja Lenič	0.270987	0.004832	0.195102	0.008994	0.307359	29	1	2	53	1
331	Roman Zidarič	0.000000	0.000267	0.000000	0.000000	0.000000	138	113	155	0	2
332	Neja Zupan	0.033873	0.001412	0.147063	0.000000	1.000000	53	0	65	23	5
333	Janez Jamšek	0.000000	0.000267	0.000000	0.000000	0.000000	139	114	156	0	0
334	Katarina Horvat	0.001473	0.001247	0.002209	0.000000	0.000000	77	19	57	0	5
335	Damjan Strnad	0.019146	0.000937	0.143306	0.000006	0.666667	7	7	3	12	3
336	Robert Krušec	0.025037	0.000636	0.179346	0.000388	0.638889	29	1	2	8	1
337	Uroš Novak	0.027982	0.000863	0.178861	0.000801	0.571429	29	1	2	8	1
338	Bruno Grohar	0.002946	0.000342	0.188973	0.000000	1.000000	8	0	27	0	1
339	Boštjan Brumen	0.192931	0.003331	0.191711	0.003348	0.378947	28	1	0	37	5
340	Vlado Horvat	0.000000	0.000267	0.000000	0.000000	0.000000	140	115	157	0	1
341	Marko Vraničar	0.000000	0.000267	0.000000	0.000000	0.000000	141	116	158	0	0
342	Mateja Kunstelj	0.120766	0.002606	0.179248	0.000687	0.700000	19	0	36	35	0
343	Igor Lesjak	0.001473	0.000316	0.148783	0.000000	0.000000	46	4	9	0	7
344	Peter Peer	0.050074	0.001928	0.175168	0.000114	0.666667	64	4	16	17	7
345	Matej Trampuš	0.060383	0.001755	0.154840	0.000050	0.900000	31	4	28	32	1
346	Samo Vehovc	0.000000	0.000267	0.000000	0.000000	0.000000	142	117	159	0	0
347	Janez Žibert	0.122239	0.002513	0.177613	0.000516	0.654545	38	9	4	26	7
348	Roni Leben	0.002946	0.000647	0.148984	0.000000	1.000000	56	2	26	0	1
349	Herman J. P. van Midden	0.000000	0.000267	0.000000	0.000000	0.000000	143	118	160	0	5
350	Matjaž Pančur	0.091311	0.002572	0.161490	0.001065	0.500000	31	4	28	32	1
351	Stanislav Petrinić	0.001473	0.001777	0.001473	0.000000	0.000000	144	32	66	0	5
352	Andrej Korošec	0.001473	0.001777	0.001473	0.000000	0.000000	57	25	53	0	5
353	Robert Vehovec	0.000000	0.000267	0.000000	0.000000	0.000000	145	119	161	0	5
354	Simon Beloglavec	0.116348	0.001822	0.181311	0.000266	0.722222	28	3	0	33	5
355	Patricio Bulić	0.048601	0.001776	0.158019	0.001218	0.333333	23	12	162	25	1
356	Anamarija Leben	0.075110	0.001727	0.179248	0.000687	0.700000	19	0	36	35	5
357	Vasja Kavčič	0.001473	0.001247	0.002209	0.000000	0.000000	77	19	64	0	5
358	Tamara Bertok Velkavrh	0.002946	0.002619	0.002946	0.000004	0.000000	146	22	48	0	5
359	Slavko Krapež	0.008837	0.000573	0.160705	0.000000	1.000000	64	4	16	6	1
360	Andrej Bregar	0.036819	0.000738	0.174706	0.000000	1.000000	28	3	0	19	5
361	Vilko Leben	0.001473	0.000497	0.125338	0.000000	0.000000	27	6	1	0	5
362	Matej Šprogar	0.075110	0.001341	0.164296	0.000260	0.535714	26	1	7	16	7
363	Andraž Bežek	0.017673	0.000746	0.191046	0.000000	1.000000	27	5	1	9	7
364	Simon Vrečar	0.001473	0.001356	0.001964	0.000000	0.000000	146	22	48	0	0
365	Alenka Baggia	0.038292	0.001599	0.147194	0.000006	0.500000	53	0	65	23	5
366	Andrej Jeromen	0.001473	0.000368	0.006284	0.000000	0.000000	5	15	24	0	7
367	Jure Knez	0.004418	0.000397	0.173061	0.000000	1.000000	29	1	2	3	3
368	Boris Petelin	0.004418	0.000436	0.152415	0.000000	1.000000	21	12	17	4	3
369	Matej Gomboši	0.020619	0.001044	0.155276	0.000000	1.000000	7	7	3	12	1
370	Matjaž Jogan	0.039764	0.001630	0.172610	0.000301	0.800000	46	4	9	17	0
371	Aljaž Zrnec	0.073638	0.002049	0.206164	0.004279	0.538462	13	8	6	30	5
372	Franc Rotar	0.000000	0.000267	0.000000	0.000000	0.000000	147	120	163	0	1
373	Aleksander Sadikov	0.088365	0.002578	0.198854	0.001494	0.320513	22	5	13	31	7
374	Enis Avdičaušević	0.120766	0.002081	0.188866	0.002098	0.607143	29	1	2	38	1
375	Damijan Rebernak	0.089838	0.001547	0.182009	0.000473	0.581818	29	1	2	38	1
376	Cveto Gregorc	0.002946	0.000381	0.158930	0.000000	1.000000	28	3	0	5	5
377	Aleš Zalokar	0.000000	0.000267	0.000000	0.000000	0.000000	148	121	164	0	0
378	Matjaž Kovač	0.000000	0.000267	0.000000	0.000000	0.000000	149	122	165	0	3
379	Borut Gorenjak	0.014728	0.000632	0.158549	0.000009	0.800000	29	1	42	8	3
380	Aleksander Pivk	0.022091	0.000874	0.208633	0.000246	0.666667	27	6	1	9	7
381	Izidor Golob	0.097202	0.001759	0.176948	0.000066	0.761905	28	1	0	37	5
382	Mitja Dečman	0.060383	0.001386	0.142811	0.000000	1.000000	19	0	36	35	0
383	Matej Grom	0.002946	0.000326	0.156081	0.000000	1.000000	13	8	6	0	5
384	Daniel Čeh-Ambruš	0.000000	0.000267	0.000000	0.000000	0.000000	150	123	166	0	5
385	Branko Kaučič	0.036819	0.001603	0.196026	0.005235	0.266667	45	11	21	27	3
386	Samo Zorko	0.000000	0.000267	0.000000	0.000000	0.000000	151	124	167	0	3
387	Marjan Seljak	0.001473	0.001777	0.001473	0.000000	0.000000	78	27	58	0	5
388	Boris Banjanin	0.000000	0.000267	0.000000	0.000000	0.000000	152	125	168	0	1
389	Matej Kupljen	0.002946	0.001777	0.001473	0.000000	0.000000	100	29	62	0	1
390	Davor Bračko	0.000000	0.000267	0.000000	0.000000	0.000000	153	126	169	0	5
391	Jure Klemenčič	0.019146	0.001598	0.006733	0.000000	1.000000	5	15	49	22	7
392	Branko Horvat	0.014728	0.000623	0.157718	0.000000	1.000000	29	1	2	8	3
393	Matjaž Bevk	0.036819	0.001314	0.183727	0.000333	0.428571	36	5	11	20	0
394	Boštjan Vesnicer	0.066274	0.001430	0.164296	0.000052	0.900000	38	9	4	26	7
395	Samo Ceferin	0.000000	0.000267	0.000000	0.000000	0.000000	154	127	170	0	0
396	Sebastian Krivograd	0.041237	0.001803	0.174890	0.000397	0.800000	7	7	37	12	1
397	Bogdan Lipuš	0.008837	0.000590	0.160862	0.000000	1.000000	7	7	3	3	1
398	Marko Knez	0.014728	0.000716	0.175820	0.001227	0.619048	38	9	4	4	0
399	Aleš Mihelič	0.069219	0.001931	0.194872	0.004223	0.461538	38	9	4	26	7
400	Aleš Merčun	0.013255	0.000663	0.169688	0.000045	0.866667	38	9	4	4	7
401	Maja Škrjanc	0.029455	0.001228	0.204507	0.007452	0.133333	27	0	1	9	7
402	Peter Juvan	0.036819	0.001076	0.187581	0.000000	1.000000	93	5	14	34	7
403	Andrej Nussdorfer	0.000000	0.000267	0.000000	0.000000	0.000000	155	128	171	0	4
404	Karmen Voda	0.004418	0.001177	0.124442	0.000002	0.666667	3	10	18	1	0
405	Damjan Vavpotič	0.106038	0.002561	0.192828	0.000880	0.642857	13	8	6	30	5
406	Iztok Lebar Bajec	0.134021	0.002665	0.126779	0.001022	0.638889	1	14	10	40	1
407	Damjan Oseli	0.036819	0.000877	0.115899	0.000033	0.900000	1	14	10	18	1
408	Alenka Rožanec	0.026510	0.000785	0.189298	0.000000	1.000000	13	8	6	30	5
409	Branko Ikica	0.007364	0.001777	0.001473	0.000000	0.000000	156	33	172	1	1
410	Ervin Schaff	0.016200	0.000682	0.158549	0.000009	0.800000	29	1	42	8	3
411	Jure Meglič	0.014728	0.001308	0.146998	0.000015	0.333333	79	0	59	1	5
412	Janez Pustatičnik	0.000000	0.000267	0.000000	0.000000	0.000000	157	129	173	0	5
413	Tadej Glavič	0.000000	0.000267	0.000000	0.000000	0.000000	158	130	174	0	1
414	Peter Černe	0.000000	0.000267	0.000000	0.000000	0.000000	159	131	175	0	0
415	Damjan Hodžar	0.002946	0.000816	0.124396	0.000000	1.000000	3	10	18	1	7
416	Darko Škerl	0.007364	0.000475	0.161727	0.000000	1.000000	38	9	4	4	7
417	Janez Brank	0.023564	0.001053	0.169428	0.000052	0.833333	94	0	25	21	7
418	Bernard Ženko	0.047128	0.001406	0.168136	0.000019	0.600000	34	0	5	14	7
419	Urban Primožič	0.001473	0.000993	0.001964	0.000000	0.000000	97	21	47	0	7
420	Peter Korošec	0.141384	0.003950	0.198854	0.002309	0.381818	0	2	30	36	1
421	Gregor Klajnšek	0.038292	0.001809	0.182511	0.002708	0.466667	7	7	3	12	1
422	Mirko Zadravec	0.025037	0.001302	0.155349	0.000001	0.900000	7	7	3	12	1
423	Tomislav Rozman	0.126657	0.001934	0.179833	0.000171	0.678571	28	3	0	43	3
424	Tadej Kokalj	0.020619	0.001704	0.006733	0.000000	1.000000	5	15	24	22	7
425	Borut Batagelj	0.044183	0.001882	0.177708	0.001077	0.266667	64	4	16	17	0
426	Katarina Mele	0.017673	0.000882	0.160006	0.000062	0.666667	46	5	9	6	7
427	Jaka Krivic	0.011782	0.000661	0.168136	0.000000	1.000000	64	4	16	6	7
428	Jurij Mihelič	0.019146	0.000828	0.153262	0.000000	1.000000	0	2	12	13	3
429	Polonca Ferk	0.001473	0.000344	0.166278	0.000000	0.000000	34	0	5	0	5
430	Janez Šinkovec	0.005891	0.000498	0.147129	0.000000	0.000000	45	11	43	2	5
431	Marko Perko	0.010309	0.001409	0.185166	0.002055	0.000000	160	6	176	4	3
432	Bojan Mahkovec	0.008837	0.001294	0.146413	0.000000	0.000000	160	6	177	4	3
433	Miloš Pegan	0.010309	0.000911	0.160006	0.000003	0.800000	7	7	3	3	5
434	Zvonko Kribel	0.000000	0.000267	0.000000	0.000000	0.000000	161	132	178	0	5
435	Matej Črepinšek	0.092784	0.001975	0.177613	0.002097	0.476190	29	1	2	38	3
436	Igor Dremelj	0.001473	0.000315	0.141468	0.000000	0.000000	38	9	4	0	1
437	Rok Vodišek	0.005891	0.001242	0.003927	0.000000	1.000000	91	18	46	1	1
438	Leo Zornada	0.001473	0.001356	0.001964	0.000000	0.000000	146	22	48	0	0
439	Peter Baloh	0.001473	0.001777	0.001473	0.000000	0.000000	162	34	67	0	5
440	Uroš Rajkovič	0.057437	0.001986	0.193504	0.001117	0.700000	8	0	27	23	5
441	Domen Marinčič	0.030928	0.001199	0.201150	0.002717	0.305556	27	6	1	9	7
442	Peter Ljubič	0.073638	0.002241	0.204887	0.001385	0.418182	8	0	5	21	0
443	Urban Velkavrh	0.000000	0.000267	0.000000	0.000000	0.000000	163	133	179	0	7
444	Boštjan Kežmah	0.050074	0.001142	0.175726	0.001599	0.472727	28	3	0	19	5
445	Dušan Heric	0.002946	0.000502	0.152626	0.000000	1.000000	29	1	2	0	1
446	Andrej Jazbec	0.041237	0.000983	0.110297	0.000000	1.000000	1	14	10	18	1
447	Boštjan Šumak	0.119293	0.001867	0.174983	0.000013	0.800000	28	3	0	33	5
448	Maja Pušnik	0.095729	0.001527	0.174798	0.000007	0.900000	28	3	0	33	5
449	Sašo Greiner	0.107511	0.001710	0.176100	0.000057	0.857143	29	1	2	44	1
450	Gregor Leban	0.051546	0.001422	0.191711	0.000110	0.733333	93	5	14	34	0
451	Tomaž Curk	0.095729	0.002754	0.188221	0.000362	0.422222	93	5	14	34	7
452	Uroš Čibej	0.023564	0.001188	0.180618	0.000761	0.666667	51	2	22	11	3
453	Luka Šajn	0.026510	0.001005	0.180717	0.000022	0.666667	36	5	11	20	7
454	Tomaž Kosar	0.088365	0.001890	0.183218	0.004795	0.361111	29	1	2	38	1
455	Jernej Vičič	0.007364	0.000816	0.165281	0.002268	0.333333	38	10	15	4	0
456	Srečo Plevel	0.017673	0.001475	0.178958	0.002055	0.333333	49	2	22	11	0
457	Mitja Luštrek	0.107511	0.003344	0.199093	0.000516	0.333333	27	6	1	24	7
458	Martin Žnidaršič	0.075110	0.002011	0.209426	0.000295	0.821429	8	0	34	39	7
459	Gregor Polančič	0.134021	0.002249	0.176288	0.002106	0.466667	28	3	0	43	3
460	Katja Harej	0.082474	0.001445	0.174983	0.000199	0.733333	28	3	0	43	5
461	Uroš Kejžar	0.000000	0.000267	0.000000	0.000000	0.000000	164	134	180	0	1
462	Miha Volovšek	0.000000	0.000267	0.000000	0.000000	0.000000	165	135	181	0	7
463	Matej Fetih	0.000000	0.000267	0.000000	0.000000	0.000000	166	136	182	0	5
464	Gregor Rodič	0.000000	0.000267	0.000000	0.000000	0.000000	167	137	183	0	5
465	Vjekoslav Delimar	0.000000	0.000267	0.000000	0.000000	0.000000	168	138	184	0	3
466	Smiljan Šinjur	0.005891	0.000488	0.155057	0.000000	0.000000	7	7	37	3	1
467	Marko Poženel	0.023564	0.001227	0.186104	0.000151	0.666667	30	8	32	15	3
468	Rok Ostrovršnik	0.001473	0.000293	0.141892	0.000000	0.000000	66	1	55	0	1
469	Borko Bošković	0.182622	0.002761	0.176100	0.000057	0.857143	29	1	2	44	1
470	Davorka Vilus Vičič	0.001473	0.001777	0.001473	0.000000	0.000000	169	35	68	0	5
471	Tomaž Dular	0.000000	0.000267	0.000000	0.000000	0.000000	170	139	185	0	5
472	Srečko Natek	0.000000	0.000267	0.000000	0.000000	0.000000	171	140	186	0	0
473	Jure Pražnikar	0.000000	0.000267	0.000000	0.000000	0.000000	172	141	187	0	0
474	Andrej Bratko	0.014728	0.000685	0.207978	0.000307	0.700000	27	6	1	9	0
475	Igor Perko	0.000000	0.000267	0.000000	0.000000	0.000000	173	142	188	0	5
476	Matej Mertik	0.053019	0.001098	0.178187	0.000255	0.750000	26	1	7	16	7
477	Gregor Štiglic	0.111929	0.001972	0.178187	0.000255	0.750000	26	1	7	16	0
478	Boris Horvat	0.001473	0.000352	0.142749	0.000000	0.000000	51	2	22	0	0
479	Aleš Videnšek	0.001473	0.000324	0.147129	0.000000	0.000000	45	11	21	0	5
480	Vid Domiter	0.016200	0.001127	0.155495	0.000020	0.523810	7	7	3	12	1
481	Jure Ferlež	0.008837	0.000525	0.206808	0.000332	0.666667	94	6	8	2	0
482	Simon Rozman	0.002946	0.000353	0.189950	0.000000	1.000000	27	6	1	0	7
483	Tea Tušar	0.064801	0.002237	0.216979	0.005111	0.274725	27	6	1	24	7
484	Matjaž Kljun	0.004418	0.000651	0.135058	0.000000	1.000000	38	10	15	4	0
485	Aida Kamišalić	0.038292	0.000999	0.180914	0.000803	0.622222	28	1	0	37	5
486	Boštjan Žvanut	0.013255	0.000871	0.201887	0.002630	0.166667	13	8	6	15	0
487	Marko Tekavc	0.013255	0.000441	0.165861	0.000000	1.000000	28	3	0	5	5
488	Miha Peternel	0.004418	0.000414	0.148783	0.000000	0.000000	46	4	9	6	7
489	Timotej Globačnik	0.001473	0.000322	0.155057	0.000000	0.000000	7	7	3	0	7
490	Gregor Polanšek	0.000000	0.000267	0.000000	0.000000	0.000000	174	143	189	0	2
491	Aljaž Noe	0.000000	0.000267	0.000000	0.000000	0.000000	175	144	190	0	3
492	David Batič	0.001473	0.001777	0.001473	0.000000	0.000000	144	32	66	0	5
493	Uroš Jovanovič	0.020619	0.001413	0.179346	0.002055	0.600000	51	2	22	11	3
494	Mateja Verlič	0.070692	0.001601	0.182915	0.002914	0.461538	26	1	7	16	0
495	Marko Hölbl	0.055965	0.001466	0.182511	0.001837	0.515152	28	1	0	37	5
496	Dejan Lavbič	0.072165	0.001970	0.208502	0.003898	0.494505	13	8	6	30	5
497	Luka Fürst	0.005891	0.000451	0.197430	0.007181	0.333333	46	8	9	6	7
498	Alenka Žerovnik	0.029455	0.001380	0.176948	0.000092	0.833333	45	11	21	27	3
499	Marko Mali	0.007364	0.000462	0.166278	0.000000	1.000000	42	2	20	29	2
500	Igor Rozman	0.016200	0.000956	0.164459	0.000234	0.666667	51	2	30	11	1
501	Igor Jelovčan	0.004418	0.000580	0.142503	0.000000	0.000000	49	2	39	0	0
502	Jani Kleindienst	0.000000	0.000267	0.000000	0.000000	0.000000	176	145	191	0	0
503	Matej Cvikl	0.001473	0.000398	0.138449	0.000000	0.000000	15	4	35	0	0
504	Marjana Pikec	0.001473	0.000308	0.184239	0.000000	0.000000	8	0	34	0	5
505	Aleš Štimec	0.014728	0.000800	0.177137	0.004618	0.466667	46	4	9	6	3
506	Denis Špelič	0.017673	0.001070	0.180225	0.001470	0.571429	7	7	3	12	1
507	Boštjan Pivec	0.004418	0.000496	0.155130	0.000000	1.000000	7	7	3	3	1
508	Andrej Nerat	0.005891	0.000483	0.140805	0.000000	1.000000	7	7	3	3	3
509	Ljupčo Krstov	0.002946	0.001777	0.001473	0.000000	0.000000	10	23	50	0	5
510	Rok Šabjan	0.014728	0.002145	0.008018	0.000026	0.600000	55	16	23	7	1
511	Igor Križnar	0.019146	0.002541	0.008018	0.000011	0.700000	55	16	23	7	1
512	Dragan Vitas	0.017673	0.002400	0.008018	0.000011	0.700000	55	16	23	7	0
513	Igor Verstovšek	0.023564	0.003069	0.008018	0.000011	0.700000	55	16	23	7	1
514	Justin Činkelj	0.000000	0.000267	0.000000	0.000000	0.000000	177	146	192	0	3
515	Janez Brezovnik	0.016200	0.000653	0.157718	0.000000	1.000000	29	1	2	8	3
516	Primož Pečar	0.045655	0.001074	0.110297	0.000000	1.000000	1	14	10	18	1
517	Kajetan Dolinar	0.019146	0.001868	0.124865	0.000682	0.666667	99	13	33	10	5
518	Matjaž Depolli	0.022091	0.001229	0.186523	0.001020	0.333333	51	2	22	11	0
519	Joël Plisson	0.035346	0.001216	0.185999	0.000016	0.900000	8	0	8	21	7
520	Mariusz Wegrzyn	0.013255	0.000618	0.165778	0.000000	1.000000	42	2	20	29	0
521	Valentin Gjorgjioski	0.014728	0.000665	0.165364	0.000001	0.666667	34	0	5	14	0
522	Mitja Vardjan	0.005891	0.000774	0.106055	0.000001	0.666667	99	13	33	10	1
523	Gašper Fele-Žorž	0.001473	0.000398	0.138449	0.000000	0.000000	15	4	35	0	3
524	Tadej Zupančič	0.004418	0.000438	0.138914	0.000000	0.000000	64	4	16	6	7
525	Igor Pesek	0.000000	0.000267	0.000000	0.000000	0.000000	178	147	193	0	7
526	Matej Perše	0.033873	0.001369	0.135834	0.000000	0.000000	46	4	9	17	1
527	Luka Pavlič	0.072165	0.001412	0.183117	0.003544	0.342857	28	1	0	47	0
528	Rok Istenič	0.002946	0.000502	0.152626	0.000000	1.000000	29	1	2	0	0
529	Vinko Podobnik	0.005891	0.000608	0.159929	0.000000	1.000000	7	7	3	3	5
530	Mitja Kolbe	0.007364	0.000482	0.193504	0.001781	0.333333	27	6	1	9	7
531	Peter Mrak	0.020619	0.000811	0.173697	0.000014	0.666667	42	2	20	29	0
532	Panče Panov	0.027982	0.000994	0.165529	0.000010	0.400000	34	0	5	14	7
533	Gregor Berginc	0.027982	0.001091	0.170212	0.002705	0.388889	46	4	9	6	3
534	Andrej Krevl	0.033873	0.001066	0.150269	0.000000	1.000000	31	4	28	32	0
535	Enes Pašalić	0.000000	0.000267	0.000000	0.000000	0.000000	179	148	194	0	0
536	Živa Rant	0.000000	0.000267	0.000000	0.000000	0.000000	180	149	195	0	0
537	Kristina Bogataj	0.025037	0.001258	0.138391	0.000000	1.000000	122	13	40	10	0
538	Uroš Goljat	0.017673	0.000738	0.166027	0.000325	0.600000	28	3	0	5	5
539	Andrej Krajnc	0.017673	0.000855	0.166027	0.000208	0.571429	28	3	0	5	5
540	Jan Porekar	0.032401	0.003096	0.124912	0.000684	0.666667	99	13	33	10	1
541	Svetlana Šaljić	0.008837	0.001030	0.124865	0.000682	0.666667	99	13	33	10	5
542	Damir Husejnagić	0.000000	0.000267	0.000000	0.000000	0.000000	181	150	196	0	5
543	Blaž Fortuna	0.058910	0.002256	0.183320	0.000465	0.533333	94	0	8	21	7
544	Bojan Rupnik	0.007364	0.000616	0.159929	0.000050	0.833333	7	7	3	3	1
545	Blaž Repnik	0.013255	0.000981	0.160006	0.000062	0.700000	7	7	3	3	1
546	Peter Holozan	0.011782	0.000547	0.177327	0.000001	0.964286	38	9	4	4	7
547	Matevž Mesojednik	0.000000	0.000267	0.000000	0.000000	0.000000	182	151	197	0	1
548	Damijan Žabjek	0.000000	0.000267	0.000000	0.000000	0.000000	183	152	198	0	5
549	Petra Kralj Novak	0.039764	0.001324	0.192156	0.000215	0.600000	8	0	8	21	0
550	Ana Šaša	0.030928	0.000773	0.217406	0.005729	0.523810	28	8	0	19	5
551	Miha Janež	0.033873	0.000875	0.126682	0.000797	0.809524	1	14	10	18	1
552	Matej Guid	0.054492	0.001595	0.178379	0.000000	1.000000	22	5	13	31	7
553	Štefan Furlan	0.055965	0.001633	0.192715	0.000624	0.727273	13	8	6	30	5
554	Katerina Taškova	0.044183	0.001386	0.191711	0.000689	0.476190	34	0	5	14	0
555	Damjan Kovač	0.005891	0.000823	0.150748	0.000000	0.000000	75	13	31	10	5
556	Lan Umek	0.010309	0.000525	0.179443	0.000000	1.000000	93	5	14	2	7
557	Zoran Bosnić	0.042710	0.001748	0.198615	0.002999	0.236364	36	5	11	20	7
558	Miro Romih	0.010309	0.000497	0.177137	0.000000	1.000000	38	9	4	4	7
559	Aleš Zamuda	0.092784	0.001618	0.171714	0.001061	0.476190	29	1	2	44	0
560	Sergeja Sabo	0.002946	0.000341	0.177804	0.000000	1.000000	8	0	8	2	0
561	Jernej Južna	0.007364	0.000806	0.150406	0.000000	1.000000	20	10	15	7	3
562	Milan Verdev	0.002946	0.000335	0.180618	0.000000	1.000000	8	0	5	0	0
563	Stanka Šalamun	0.001473	0.000289	0.152555	0.000000	0.000000	29	1	2	0	0
564	Blaž Novak	0.005891	0.000464	0.161648	0.000000	1.000000	94	0	25	2	7
565	Jure Žabkar	0.067747	0.001852	0.192715	0.001928	0.428571	22	5	13	31	7
566	Martin Možina	0.110457	0.003038	0.193958	0.000513	0.466667	22	5	13	31	7
567	Andrej Sevčnikar	0.010309	0.000530	0.163565	0.000000	1.000000	28	1	0	3	5
568	Janez Franc Vratanar	0.001473	0.000376	0.124023	0.000000	0.000000	20	10	15	0	3
569	Aleš Kumer	0.029455	0.001050	0.173606	0.000000	1.000000	13	8	6	15	5
570	Gregor Štrubelj	0.000000	0.000267	0.000000	0.000000	0.000000	184	153	199	0	3
571	Miha Moškon	0.020619	0.000618	0.126585	0.000000	1.000000	1	14	10	18	1
572	Domen Mongus	0.032401	0.002146	0.177327	0.008517	0.257143	7	1	3	3	0
573	Aleš Jurca	0.000000	0.000267	0.000000	0.000000	0.000000	185	154	200	0	5
574	Luka Čehovin	0.004418	0.000415	0.165612	0.000214	0.333333	46	4	9	6	7
575	Jana Faganeli	0.002946	0.000530	0.138449	0.000000	0.000000	15	4	44	0	3
576	Erik Štrumbelj	0.013255	0.000651	0.168307	0.000000	1.000000	36	5	11	20	7
577	Uroš Legat	0.020619	0.000813	0.165778	0.000000	1.000000	42	2	20	29	1
578	Vid Podpečan	0.032401	0.001177	0.186523	0.000198	0.600000	8	0	8	21	3
579	Dejan Hrnčič	0.023564	0.000657	0.193844	0.000964	0.666667	29	1	2	8	3
580	Boštjan Grašič	0.022091	0.000557	0.172520	0.000020	0.833333	26	1	7	16	0
581	Miha Štajdohar	0.005891	0.000394	0.182310	0.000000	1.000000	93	5	14	2	7
582	Andrej Ikica	0.007364	0.001777	0.001473	0.000000	0.000000	156	33	201	1	1
583	Kristjan Košič	0.013255	0.000521	0.165944	0.000009	0.500000	28	3	0	5	3
584	Matej Ožek	0.014728	0.000677	0.190277	0.000000	1.000000	27	6	1	9	7
585	Jernej Novak	0.011782	0.000632	0.165861	0.000194	0.800000	28	3	0	5	5
586	Rok Piltaver	0.008837	0.000513	0.189406	0.000000	1.000000	27	6	1	9	7
587	Darko Čerepnalkoski	0.011782	0.000554	0.167966	0.000000	1.000000	34	0	5	14	0
588	Ciril Bohak	0.001473	0.000376	0.124023	0.000000	0.000000	20	10	15	0	3
589	Aleš Frece	0.011782	0.000620	0.162441	0.000000	1.000000	28	3	0	5	0
590	Marko Toplak	0.023564	0.000862	0.182612	0.000024	0.800000	93	5	14	34	7
591	Roland Perko	0.011782	0.000659	0.148783	0.000000	0.000000	46	4	9	6	7
592	Matej Kristan	0.073638	0.002818	0.168565	0.002358	0.266667	46	4	202	17	7
593	Iztok Starc	0.005891	0.000869	0.150817	0.000000	1.000000	75	13	31	10	5
594	Marjana Heričko	0.001473	0.000286	0.165446	0.000000	0.000000	28	3	0	0	5
595	Michael J. Galsworthy	0.000000	0.000267	0.000000	0.000000	0.000000	186	155	203	0	5
596	Mitja Cerovšek	0.000000	0.000267	0.000000	0.000000	0.000000	187	156	204	0	5
597	Bogdan Pogorelc	0.019146	0.000812	0.191933	0.000075	0.700000	27	6	1	9	7
598	David Paš	0.000000	0.000267	0.000000	0.000000	0.000000	188	157	205	0	0
599	Gianni Franceschini	0.000000	0.000267	0.000000	0.000000	0.000000	189	158	206	0	0
600	Boštjan Kaluža	0.078056	0.002495	0.191933	0.001053	0.523810	27	6	1	24	7
601	Vida Vukašinović	0.016200	0.000667	0.171269	0.000000	1.000000	0	2	12	13	1
602	Tadej Janež	0.010309	0.000500	0.182612	0.000000	1.000000	22	5	13	2	7
603	Lovro Šubelj	0.027982	0.001012	0.173606	0.000000	1.000000	13	8	6	15	5
604	Marina Trkman	0.001473	0.000330	0.173697	0.000000	0.000000	30	8	32	0	5
605	Lan Žagar	0.004418	0.000392	0.179443	0.000000	1.000000	93	5	14	2	7
606	Marcel Križevnik	0.010309	0.000403	0.162282	0.000000	0.000000	28	3	0	5	5
607	Črt Gerlec	0.014728	0.000666	0.166111	0.000006	0.733333	28	3	0	5	5
608	Sandi Pohorec	0.051546	0.001224	0.186208	0.002769	0.500000	26	1	7	16	7
609	Miha Pavlinek	0.008837	0.000413	0.165529	0.000000	1.000000	28	3	0	5	3
610	Katja Kous	0.002946	0.000307	0.161885	0.000000	1.000000	28	3	0	0	5
611	Erik Dovgan	0.066274	0.002193	0.209161	0.003666	0.363636	27	6	1	24	1
612	Dragi Kocev	0.025037	0.000859	0.167966	0.000000	1.000000	34	0	5	14	7
613	Mitja Trampuš	0.002946	0.000360	0.161490	0.000000	0.000000	94	0	25	2	7
614	Iztok Fister	0.020619	0.000708	0.195447	0.001955	0.500000	29	1	2	8	1
615	Gregor Rot	0.019146	0.000867	0.179540	0.000001	0.833333	93	5	14	34	7
616	Matevž Leskovšek	0.000000	0.000267	0.000000	0.000000	0.000000	190	159	207	0	7
617	Narvika Bovcon	0.002946	0.000368	0.161097	0.000000	1.000000	64	4	16	6	7
618	Nejc Ilc	0.000000	0.000267	0.000000	0.000000	0.000000	191	160	208	0	7
619	Denis Žganec	0.004418	0.000516	0.159851	0.000000	1.000000	7	7	3	3	1
620	Petar Vračar	0.004418	0.000399	0.168222	0.000000	1.000000	36	5	11	6	7
621	Patrik Pucer	0.004418	0.000513	0.156673	0.000000	0.000000	13	8	6	0	0
622	Bojan Bedrač	0.000000	0.000267	0.000000	0.000000	0.000000	192	161	209	0	5
623	Simon Vouk	0.001473	0.001777	0.001473	0.000000	0.000000	169	35	68	0	1
624	Mateja Strnad	0.025037	0.001213	0.169081	0.000000	1.000000	45	11	21	27	7
625	Rolando Radej	0.001473	0.000321	0.133102	0.000000	0.000000	6	11	21	0	5
626	Ambrož Stropnik	0.001473	0.001777	0.001473	0.000000	0.000000	162	34	67	0	3
627	Tadej Štajner	0.010309	0.000597	0.161569	0.000000	1.000000	94	0	25	2	7
628	Tadej Justin	0.007364	0.000393	0.156970	0.000000	1.000000	38	9	4	4	7
629	Rok Žontar	0.005891	0.000475	0.140745	0.000002	0.666667	28	3	0	5	5
630	David Jelenc	0.001473	0.000406	0.150748	0.000000	0.000000	75	13	31	0	5
631	Darko Pevec	0.002946	0.000358	0.168222	0.000000	1.000000	36	5	11	6	7
632	Robert Ravnik	0.008837	0.000565	0.161097	0.000000	1.000000	64	4	16	6	7
633	Gregor Srdić	0.004418	0.000458	0.162441	0.000000	1.000000	28	3	0	5	5
634	Ines Čeh	0.029455	0.000766	0.181112	0.000434	0.619048	29	1	2	8	3
635	Mirjam Bonačić	0.005891	0.000387	0.153191	0.000000	1.000000	28	1	0	3	0
636	Matjaž Juršič	0.026510	0.000995	0.182915	0.000131	0.533333	8	0	8	21	7
637	Eva Zupančič	0.005891	0.000869	0.150817	0.000000	1.000000	75	13	31	10	5
638	Borut Sluban	0.007364	0.000458	0.177804	0.000000	1.000000	8	0	8	2	7
639	Aneta Trajanov	0.019146	0.000732	0.176100	0.000162	0.500000	34	0	5	14	7
640	Elena Ikonomovska	0.001473	0.000301	0.165198	0.000000	0.000000	34	0	5	0	7
641	Jana Krivec	0.063328	0.001957	0.198377	0.000545	0.500000	22	5	13	31	7
642	Aleš Tavčar	0.001473	0.000308	0.184959	0.000000	0.000000	27	6	1	0	0
643	Aleksandra Rashkovska	0.007364	0.000600	0.163971	0.000000	1.000000	51	2	22	11	0
644	Jernej Huber	0.000000	0.000267	0.000000	0.000000	0.000000	193	162	210	0	5
645	Jaka Bobnar	0.008837	0.001260	0.005155	0.000000	1.000000	55	16	23	7	0
646	Anže Žagar	0.002946	0.000631	0.004811	0.000000	0.000000	55	16	23	0	0
647	Minja Zorc	0.001473	0.000344	0.166278	0.000000	0.000000	34	0	5	0	5
648	Andrej Panjan	0.000000	0.000267	0.000000	0.000000	0.000000	194	163	211	0	0
649	Sašo Pečnik	0.005891	0.000543	0.159774	0.000000	1.000000	7	7	3	3	0
650	Matej Babič	0.000000	0.000267	0.000000	0.000000	0.000000	195	164	212	0	8
651	Damjan Kužnar	0.007364	0.000451	0.179638	0.000106	0.333333	22	5	13	2	7
652	Bojan Klemenc	0.026510	0.001007	0.185790	0.001139	0.805556	13	8	6	15	5
653	Ivica Slavkov	0.026510	0.000959	0.168051	0.000026	0.666667	34	0	5	14	7
654	Miha Mlakar	0.001473	0.000311	0.177613	0.000000	0.000000	27	6	1	0	7
655	Matej Hertiš	0.005891	0.000501	0.162441	0.000000	1.000000	28	3	0	5	5
656	Vida Groznik	0.007364	0.000445	0.178379	0.000000	1.000000	22	5	13	2	7
657	Neli Blagus	0.023564	0.000909	0.173606	0.000000	1.000000	13	8	6	15	5
658	Jan Božnik	0.000000	0.000267	0.000000	0.000000	0.000000	196	165	213	0	5
659	Simon Gangl	0.001473	0.000350	0.141468	0.000000	0.000000	7	1	3	0	3
660	Davor Sluga	0.001473	0.000331	0.125386	0.000000	0.000000	21	12	17	0	7
661	Božidara Cvetković	0.027982	0.001038	0.189841	0.000000	1.000000	27	6	1	9	7
662	Aleš Zemljak	0.001473	0.000293	0.141649	0.000000	0.000000	29	1	2	0	1
663	Rok Tavčar	0.000000	0.000267	0.000000	0.000000	0.000000	197	166	214	0	1
664	Nika Oman	0.000000	0.000267	0.000000	0.000000	0.000000	198	167	215	0	7
665	Gregor Jošt	0.001473	0.000288	0.140805	0.000000	0.000000	28	3	0	0	3
666	Tomaž Kos	0.007364	0.000477	0.173061	0.000000	1.000000	29	1	2	3	3
667	Slavko Žitnik	0.023564	0.000909	0.173606	0.000000	1.000000	13	8	6	15	5
668	Anže Vavpetič	0.005891	0.000426	0.177899	0.000000	1.000000	8	0	8	2	7
669	Nejc Trdin	0.001473	0.000303	0.177708	0.000000	0.000000	8	0	8	0	0
670	Andrej Dobrovoljc	0.000000	0.000267	0.000000	0.000000	0.000000	199	168	216	0	0
671	Inna Novalija	0.007364	0.000500	0.161490	0.000000	0.000000	94	0	25	2	7
672	Vedrana Vidulin	0.032401	0.001165	0.198734	0.000037	0.666667	27	6	1	9	7
673	Jernej Ule	0.008837	0.000517	0.179443	0.000000	1.000000	93	5	14	2	7
674	Nataša Pržulj	0.000000	0.000267	0.000000	0.000000	0.000000	200	169	217	0	0
675	Grega Milčinski	0.010309	0.001546	0.008018	0.000011	0.700000	55	16	23	7	0
676	Sašo Moškon	0.000000	0.000267	0.000000	0.000000	0.000000	201	170	218	0	7
677	Metka Bakan Toplak	0.000000	0.000267	0.000000	0.000000	0.000000	202	171	219	0	5
678	Alenka Ribič	0.000000	0.000267	0.000000	0.000000	0.000000	203	172	220	0	5
679	Franc Brcar	0.000000	0.000267	0.000000	0.000000	0.000000	204	173	221	0	5
