mS#id	mS#node	C#orbit-0	C#orbit-1	C#orbit-2	C#orbit-3	C#orbit-4	C#orbit-5	C#orbit-6	C#orbit-7	C#orbit-8	C#orbit-9	C#orbit-10	C#orbit-11	C#orbit-12	C#orbit-13	C#orbit-14	cD#class
1	Peter Kolbezen	5	30	4	6	218	22	118	0	4	34	68	4	11	4	2	0
2	Jernej Virant	6	25	6	9	48	49	26	1	3	25	34	9	18	3	7	1
3	Vojko Strle	0	0	0	0	0	0	0	0	0	0	0	0	0	0	0	0
4	Aleksandra Kornhauser	5	6	4	6	55	8	4	0	0	3	16	3	0	6	1	0
5	Tomaž Banovec	0	0	0	0	0	0	0	0	0	0	0	0	0	0	0	0
6	Igor Grabec	8	0	27	1	0	0	0	50	0	0	0	6	0	0	0	7
7	Tatjana Kapus	7	7	12	9	90	6	6	10	0	5	34	8	1	14	3	1
8	Pero Šobot	2	39	0	1	102	0	357	0	0	46	27	0	6	0	0	5
9	Vladislav Rajkovič	29	224	356	50	1253	4961	1613	2501	36	313	1041	998	99	113	42	7
10	Rudi Murn	5	31	4	6	236	44	136	1	1	39	62	2	8	5	2	1
11	Marjan Pivka	1	0	0	0	0	0	0	0	0	0	0	0	0	0	0	5
12	Jože Zupančič	7	36	14	7	232	106	272	11	2	44	94	17	6	3	4	5
13	Zvonimir Jamšek	0	0	0	0	0	0	0	0	0	0	0	0	0	0	0	3
14	Marjan Krisper	30	281	361	74	1357	6412	1997	2319	31	395	1305	1495	185	161	85	5
15	Boris Sobočan	0	0	0	0	0	0	0	0	0	0	0	0	0	0	0	1
16	Boris Glavič	2	7	0	1	20	0	20	0	0	1	7	0	0	0	0	5
17	Zmago Brezočnik	12	76	51	15	503	621	524	99	9	161	125	97	36	19	5	1
18	Zoran Radalj	0	0	0	0	0	0	0	0	0	0	0	0	0	0	0	7
19	John Shawe-Taylor	0	0	0	0	0	0	0	0	0	0	0	0	0	0	0	5
20	Rafael Črv	0	0	0	0	0	0	0	0	0	0	0	0	0	0	0	5
21	Mirko Vintar	5	40	3	7	357	64	289	1	8	91	80	0	0	6	3	5
22	Saša Divjak	8	47	24	4	234	319	370	36	0	59	10	17	0	2	1	3
23	Andrej Dobnikar	14	69	75	16	481	766	299	214	2	95	103	112	12	34	4	7
24	Ivan Bratko	36	232	521	109	815	6031	1428	4133	69	164	1707	2431	122	453	123	7
25	Veselko Guštin	7	28	16	5	148	125	56	14	2	26	29	17	5	4	0	1
26	Vid Mikulič	0	0	0	0	0	0	0	0	0	0	0	0	0	0	0	5
27	Mitja Lasič	3	20	0	3	180	0	64	0	0	18	36	0	2	0	1	1
28	Dušan Peček	5	31	4	6	236	44	136	1	1	39	62	2	8	5	2	0
29	Viktor Vaupot	5	53	4	6	409	56	353	0	0	136	78	6	39	0	4	7
30	Marko Bohanec	23	219	198	55	1013	3143	1787	917	61	244	1301	617	126	173	64	0
31	Marjan Špegel	9	56	28	8	348	333	317	38	3	66	85	38	12	6	2	1
32	Peter Tancig	2	39	1	0	285	37	491	0	1	110	0	0	0	0	0	5
33	Bruno Stiglic	21	196	140	70	688	2137	1346	417	26	258	1279	597	226	215	101	5
34	Viljem Žumer	30	157	345	90	619	3198	776	2110	21	264	1085	1487	114	356	107	1
35	Ivan Vezočnik	12	146	35	31	688	623	1169	34	3	213	687	105	145	38	43	0
36	Viljan Mahnič	12	148	55	11	890	1213	1497	127	13	298	309	79	40	11	3	3
37	Igor Mozetič	18	152	115	38	1057	1668	971	384	46	201	644	281	90	126	25	0
38	Saša Prešern	2	6	0	1	62	0	2	0	0	4	0	0	3	0	0	1
39	Franc Jager	9	20	34	2	171	152	43	70	0	16	8	14	0	0	0	3
40	Peter Reinhardt	5	42	4	6	274	74	217	0	1	36	74	4	9	4	2	1
41	Tone Vidmar	6	11	4	11	75	10	5	1	0	12	41	2	2	9	8	1
42	Senta Šetinc	0	0	0	0	0	0	0	0	0	0	0	0	0	0	0	5
43	Peter Kokol	32	187	375	121	601	3943	997	2239	32	214	1394	1983	198	567	171	0
44	Nikola Guid	15	69	88	17	311	697	473	271	1	146	223	149	22	33	2	3
45	Igor Škraba	1	4	0	0	47	0	5	0	0	1	0	0	0	0	0	1
46	Tomaž Mohorič	3	59	2	1	426	79	489	0	0	134	29	1	5	0	0	5
47	Eva Klemenčič	1	22	0	0	166	0	189	0	0	42	0	0	0	0	0	5
48	Jure Dimec	8	146	20	8	825	581	1639	20	17	242	333	28	37	4	4	5
49	Bojan Novak	5	125	0	10	533	0	1255	0	0	330	364	0	68	0	10	5
50	Alojz Urbajs	2	3	0	1	0	0	2	0	0	1	3	0	0	0	0	5
51	Branko Zebec	1	4	0	0	0	0	4	0	0	2	0	0	0	0	0	0
52	Igor Kononenko	25	194	251	49	1029	3632	1615	1348	37	247	736	800	107	129	23	7
53	Slavko Mavrič	4	34	2	4	209	30	168	0	1	45	58	1	6	2	1	7
54	Jana Bradač	2	0	0	1	0	0	0	0	0	0	0	0	0	0	0	5
55	Tatjana Zrimec	6	71	9	6	602	216	523	5	4	137	109	8	11	5	2	0
56	Tanja Urbančič	15	169	74	31	1053	1290	1197	177	58	201	752	183	104	65	30	7
57	Davor Bonačić	6	80	6	9	604	91	658	1	3	207	195	7	54	7	5	5
58	Elizabeta Kmecl	2	0	0	1	0	0	0	0	0	0	0	0	0	0	0	5
59	Borut Robič	13	58	60	18	406	468	224	132	6	35	148	116	34	32	6	3
60	Petar Brajak	3	37	0	3	226	0	114	0	0	106	52	0	11	0	1	0
61	Janez Benkovič	5	53	7	3	422	155	478	2	1	85	29	7	13	1	0	7
62	Bano Diallo	0	0	0	0	0	0	0	0	0	0	0	0	0	0	0	0
63	Tomaž Erjavec	18	156	113	40	871	1936	1141	313	36	202	472	422	86	25	56	5
64	Bogdan Filipič	23	196	217	36	1282	3257	1468	1140	79	295	727	526	85	85	20	7
65	Ankica Babić	3	27	3	0	108	52	118	1	1	63	0	0	0	0	0	5
66	Stanko Blatnik	2	12	1	0	107	12	20	0	0	14	0	0	0	0	0	7
67	Andrej Križnik	1	0	0	0	0	0	0	0	0	0	0	0	0	0	0	7
68	Ljubo Pipan	7	57	13	8	374	181	435	4	0	129	131	26	15	1	4	1
69	Franc Novak	21	121	180	30	719	1994	556	856	10	164	336	387	35	78	9	1
70	Konrad Steblovnik	0	0	0	0	0	0	0	0	0	0	0	0	0	0	0	7
71	Marko Ahčan	3	11	1	2	56	7	14	0	1	5	7	0	3	1	0	5
72	Bojan Boštjančič	0	0	0	0	0	0	0	0	0	0	0	0	0	0	0	0
73	Bojan Cestnik	18	249	97	56	829	2330	2017	227	61	215	1501	355	140	161	73	7
74	Jože Rugelj	8	22	23	5	290	134	68	32	1	32	18	20	0	2	2	1
75	Aleš Leonardis	18	43	133	20	284	562	104	549	2	35	155	224	5	33	10	7
76	Nikolaj Zimic	11	3	27	28	23	14	0	22	0	1	16	64	0	49	30	1
77	József Györkös	23	196	167	86	739	2426	1216	588	36	263	1492	705	161	333	145	5
78	Zoran Stančič	0	0	0	0	0	0	0	0	0	0	0	0	0	0	0	5
79	Vojko Artač	0	0	0	0	0	0	0	0	0	0	0	0	0	0	0	5
80	Jasna Maver	5	42	5	5	203	72	259	0	0	25	74	6	11	3	1	7
81	Marko Bonač	1	14	0	0	118	0	74	0	0	17	0	0	0	0	0	1
82	Borut Žalik	28	60	335	43	406	1400	215	2311	2	75	200	834	8	109	22	1
83	Boris Hreščak	0	0	0	0	0	0	0	0	0	0	0	0	0	0	0	1
84	Mira Trebar	7	26	14	7	127	86	42	16	1	25	56	4	6	14	1	1
85	Milan Ojsteršek	26	171	252	73	647	2829	928	1249	44	280	1036	1028	161	245	78	1
86	Roman Trobec	16	76	104	16	430	954	317	366	9	74	136	169	16	20	5	1
87	Niko Schlamberger	0	0	0	0	0	0	0	0	0	0	0	0	0	0	0	5
88	Robert Leskovar	11	29	39	16	226	136	196	56	1	37	148	82	2	19	8	5
89	Alen Varšek	3	65	0	3	493	0	643	0	0	141	104	0	13	0	1	7
90	Miroslav Kolarič	5	97	1	9	594	35	982	0	2	244	223	0	63	3	7	5
91	Branko Namestnik	0	0	0	0	0	0	0	0	0	0	0	0	0	0	0	5
92	Primož Bradač	2	0	0	1	0	0	0	0	0	0	0	0	0	0	0	5
93	Tine Petkovšek	2	6	0	1	6	0	0	0	0	6	0	0	3	0	0	1
94	Ivan Rozman	39	193	589	152	646	5531	923	4831	38	267	1463	3218	132	864	226	5
95	Maksimiljan Gerkeš	11	145	26	29	705	485	1045	23	13	312	735	55	102	55	32	5
96	Marijan Miletić	2	7	0	1	56	0	14	0	0	7	7	0	0	0	0	5
97	Matjaž Debevc	7	73	17	4	398	288	489	17	10	184	76	17	27	0	1	0
98	Kornelija Zgonc	1	7	0	0	0	0	20	0	0	1	0	0	0	0	0	7
99	Branko Korošec	1	0	0	0	0	0	0	0	0	0	0	0	0	0	0	1
100	Matjaž Cigrovski	0	0	0	0	0	0	0	0	0	0	0	0	0	0	0	5
101	Matjaž Gams	42	244	773	88	1214	8191	1379	8398	106	287	1343	2707	129	312	63	7
102	Kordija Stiglic	1	20	0	0	196	0	120	0	0	70	0	0	0	0	0	5
103	Krista Rizman Žalik	7	120	11	10	583	346	1110	5	8	284	262	16	48	8	6	3
104	Bogdan Dugonik	6	26	9	6	235	78	50	5	4	29	34	8	5	5	2	0
105	Jure Ferbežar	1	0	0	0	0	0	0	0	0	0	0	0	0	0	0	3
106	Vido Vouk	1	0	0	0	0	0	0	0	0	0	0	0	0	0	0	3
107	Nada Lavrač	31	221	367	98	827	4654	1503	2319	55	228	1700	1622	83	442	112	7
108	Damjan Bojadžiev	4	92	3	3	601	144	1067	0	15	173	76	3	13	0	1	7
109	Tomaž Dogša	8	78	18	10	619	237	551	17	9	206	209	23	41	11	5	3
110	Miroslav Petrič	0	0	0	0	0	0	0	0	0	0	0	0	0	0	0	3
111	Iztok Tvrdy	0	0	0	0	0	0	0	0	0	0	0	0	0	0	0	1
112	Tatjana Ogrinc	0	0	0	0	0	0	0	0	0	0	0	0	0	0	0	3
113	Janez Renko	0	0	0	0	0	0	0	0	0	0	0	0	0	0	0	3
114	Dušan Kodek	5	47	9	1	360	183	421	7	1	91	3	3	0	0	0	1
115	France Mihelič	19	55	119	52	384	760	237	394	6	52	198	339	10	163	73	7
116	Franc Solina	22	141	206	25	638	2644	678	1098	18	251	209	390	36	46	6	7
117	Marko Ambrož	0	0	0	0	0	0	0	0	0	0	0	0	0	0	0	1
118	Matjaž Colnarič	13	155	43	35	719	732	1224	52	22	243	750	126	167	65	43	1
119	Igor Ozimek	15	118	88	17	748	1280	1222	259	4	177	320	180	22	7	9	1
120	Jurij Šilc	20	129	150	40	741	1889	751	571	25	146	434	436	39	115	18	1
121	Julija Lapuh Bele	2	13	1	0	93	13	27	0	0	9	0	0	0	0	0	5
122	Igor Korelič	2	28	1	0	223	28	328	0	0	50	0	0	0	0	0	5
123	Slavko Kastelic	0	0	0	0	0	0	0	0	0	0	0	0	0	0	0	5
124	Iztok Koren	2	15	0	1	50	0	38	0	0	11	15	0	0	0	0	7
125	Matjaž Likar	2	39	0	1	102	0	357	0	0	46	27	0	6	0	0	7
126	Nenad Međeral	0	0	0	0	0	0	0	0	0	0	0	0	0	0	0	7
127	Aram Karalič	8	147	12	16	855	321	1518	5	25	228	520	18	69	21	12	7
128	Vojko Ambrožič	2	3	0	1	0	0	2	0	0	1	3	0	0	0	0	5
129	Matevž Kovačič	7	96	13	8	658	292	769	7	5	153	214	17	30	10	1	7
130	Slavko Može	0	0	0	0	0	0	0	0	0	0	0	0	0	0	0	0
131	Aleš Jelovšek	1	14	0	0	118	0	74	0	0	17	0	0	0	0	0	0
132	Bojana Lunar-Peček	1	7	0	0	0	0	20	0	0	1	0	0	0	0	0	7
133	Ivo Ipšić	5	45	1	9	158	7	189	0	0	59	79	0	47	3	7	7
134	Polonca Blaznik	5	47	4	6	309	63	228	1	2	51	85	2	18	5	2	1
135	Gabrijela Dreo	2	32	0	1	207	0	296	0	0	88	24	0	4	0	0	1
136	Andreja Zaveršek	4	57	2	4	400	49	552	0	0	184	78	1	22	2	1	0
137	Aleksandra Krumpak	4	9	2	4	55	9	10	0	1	3	12	1	2	2	1	7
138	Anto Jurković	0	0	0	0	0	0	0	0	0	0	0	0	0	0	0	0
139	Barbara Koroušić-Seljak	5	42	4	6	382	48	217	0	3	37	68	4	23	4	2	1
140	Peter Krošelj	0	0	0	0	0	0	0	0	0	0	0	0	0	0	0	3
141	Božo Urh	2	48	0	1	415	0	478	0	0	83	28	0	10	0	0	5
142	Dejan Leskovšek	0	0	0	0	0	0	0	0	0	0	0	0	0	0	0	5
143	Marjan Heričko	36	140	507	123	714	3459	546	3973	18	195	1179	2333	113	653	181	3
144	Heri Špička	0	0	0	0	0	0	0	0	0	0	0	0	0	0	0	1
145	Denis Trček	8	44	26	2	281	303	311	44	0	74	5	12	0	0	0	5
146	Robert Vilhar	0	0	0	0	0	0	0	0	0	0	0	0	0	0	0	0
147	Aleš Šuntar	2	1	1	0	0	1	0	0	0	0	0	0	0	0	0	5
148	Tomo Rugelj	1	0	0	0	0	0	0	0	0	0	0	0	0	0	0	5
149	Sašo Džeroski	29	193	333	73	1098	3806	1302	2114	103	218	1174	1181	109	287	72	7
150	Jelena Ficzko	9	33	19	17	76	162	76	10	3	15	42	45	27	13	16	1
151	Aleš Jaklič	10	45	34	11	204	226	191	57	0	24	159	42	10	17	4	7
152	Marjan Mernik	28	164	295	83	822	3193	1007	1632	20	285	977	1232	109	310	102	1
153	Branislav Šmitek	3	9	3	0	49	16	8	1	1	8	0	0	0	0	0	5
154	Damijana Keržič	0	0	0	0	0	0	0	0	0	0	0	0	0	0	0	5
155	Romana Vajde Horvat	16	143	66	54	680	844	932	114	15	188	1019	225	126	132	89	3
156	Niko Čižek	6	74	7	8	476	104	630	3	0	155	186	6	40	7	4	1
157	Miran Kokol	1	7	0	0	0	0	20	0	0	1	0	0	0	0	0	7
158	Boris Ahlin	0	0	0	0	0	0	0	0	0	0	0	0	0	0	0	5
159	Filip Samo Balan	3	16	0	3	91	0	38	0	0	7	18	0	7	0	1	1
160	Viljem Križman	11	164	29	26	848	672	1623	22	21	210	738	74	94	47	22	7
161	Tone Ljubič	4	35	0	6	223	0	274	0	0	48	97	0	4	0	4	5
162	Borut Hribovšek	1	41	0	0	244	0	732	0	0	88	0	0	0	0	0	7
163	Borut Korenjak	3	23	1	2	364	15	64	0	0	43	17	0	7	1	0	3
164	Aleš Dobnikar	5	57	9	1	408	173	747	7	2	94	37	3	7	0	0	5
165	Simon Dobrišek	15	46	62	43	363	352	103	124	2	48	260	166	14	102	63	7
166	Bojan Slemnik	0	0	0	0	0	0	0	0	0	0	0	0	0	0	0	3
167	Zoran Svetec	0	0	0	0	0	0	0	0	0	0	0	0	0	0	0	5
168	Mitja Debeljak	2	58	0	1	308	0	626	0	0	187	36	0	11	0	0	5
169	Igor Benko	0	0	0	0	0	0	0	0	0	0	0	0	0	0	0	0
170	Dejan Dinevski	11	119	34	21	765	673	821	40	7	216	349	85	77	16	24	5
171	Drago Torkar	8	94	20	8	538	454	634	20	8	162	142	26	23	8	2	5
172	Matija Drobnič	4	52	2	4	486	46	677	0	0	95	84	1	13	2	1	7
173	Anton Biasizzo	11	51	41	14	506	312	166	90	2	92	172	28	11	43	4	1
174	Tomaž Kolmanič	2	23	0	1	259	0	106	0	0	71	17	0	3	0	0	7
175	Jerneja Žganec Gros	19	63	116	55	534	876	240	355	2	88	236	367	9	173	74	7
176	Matjaž Ivačič	0	0	0	0	0	0	0	0	0	0	0	0	0	0	0	5
177	Natalija Trstenjak	4	69	3	3	264	97	620	0	1	128	84	2	12	2	0	3
178	Danica Dolničar	8	10	22	6	46	62	17	25	1	4	2	27	2	3	1	1
179	Aleš Musar	3	8	0	3	13	0	8	0	0	3	12	0	2	0	1	7
180	Miro Jeraj	5	34	3	7	223	35	273	0	0	48	95	3	3	3	4	5
181	Polde Podlogar	2	12	1	0	34	10	30	0	1	16	0	0	0	0	0	1
182	Mladen Stanojević	0	0	0	0	0	0	0	0	0	0	0	0	0	0	0	0
183	Bogomir Romih	1	0	0	0	0	0	0	0	0	0	0	0	0	0	0	7
184	Iztok Bitenc	5	37	3	7	231	33	276	0	1	43	99	3	7	3	4	5
185	Borut Werber	1	6	0	0	36	0	8	0	0	7	0	0	0	0	0	5
186	Pavle Popović	0	0	0	0	0	0	0	0	0	0	0	0	0	0	0	7
187	Urban Jan	0	0	0	0	0	0	0	0	0	0	0	0	0	0	0	0
188	Uroš Petric	0	0	0	0	0	0	0	0	0	0	0	0	0	0	0	1
189	Rudi Panjtar	1	2	0	0	1	0	0	0	0	1	0	0	0	0	0	1
190	Tomaž Kern	6	33	8	7	223	68	273	3	0	48	91	10	3	3	4	5
191	Domen Verber	8	70	20	8	583	260	510	22	11	197	150	22	29	10	2	5
192	Boštjan Vovk	0	0	0	0	0	0	0	0	0	0	0	0	0	0	0	7
193	Blaž Zupan	25	212	245	55	1201	3780	1572	1301	50	263	974	785	117	162	52	7
194	Dunja Mladenić	24	161	234	42	1184	2701	1011	1281	84	217	650	589	92	127	27	7
195	Karmen Pepelnjak	4	42	0	6	149	0	196	0	0	69	60	0	33	0	4	7
196	Maja Gerkšič	1	0	0	0	0	0	0	0	0	0	0	0	0	0	0	7
197	Irena Nančovska Šerbec	8	79	23	5	626	527	714	32	4	142	18	20	0	2	2	7
198	Matjaž Mencej	1	7	0	0	47	0	17	0	0	4	0	0	0	0	0	3
199	Bojan Stanonik	1	5	0	0	33	0	3	0	0	7	0	0	0	0	0	5
200	Boštjan Slivnik	7	34	10	11	232	87	119	3	1	22	101	15	7	11	6	3
201	Jure Artiček	0	0	0	0	0	0	0	0	0	0	0	0	0	0	0	7
202	Primož Kranjec	1	7	0	0	79	0	16	0	0	5	0	0	0	0	0	0
203	Stanislav Gruden	8	55	7	21	233	55	206	0	0	36	218	21	56	0	35	8
204	Francelj Trdič	2	0	1	0	0	0	0	0	0	0	0	0	0	0	0	7
205	Luka Logar	0	0	0	0	0	0	0	0	0	0	0	0	0	0	0	0
206	Miha Mraz	10	5	18	27	23	15	0	8	0	1	28	38	1	44	30	1
207	Primož Podgornik	3	21	1	2	129	17	61	0	0	21	21	0	2	1	0	7
208	Marko Privošnik	3	10	0	3	44	0	13	0	0	1	18	0	1	0	1	7
209	Igor Rožanc	2	11	0	1	160	0	36	0	0	9	9	0	1	0	0	3
210	Tomaž Klobučar	5	11	7	3	43	30	14	2	1	2	8	7	2	1	0	1
211	Matej Caf	1	0	0	0	0	0	0	0	0	0	0	0	0	0	0	3
212	Marjan Štrakl	2	15	0	1	78	0	43	0	0	12	5	0	5	0	0	1
213	Aleksander Kvas	4	53	0	6	343	0	430	0	0	130	133	0	13	0	4	1
214	Andrej Miksić	0	0	0	0	0	0	0	0	0	0	0	0	0	0	0	1
215	Vesna Prašnikar	0	0	0	0	0	0	0	0	0	0	0	0	0	0	0	7
216	Ivan Lah	4	98	0	6	530	0	1089	0	0	239	142	0	76	0	4	5
217	Darjan Petrič	0	0	0	0	0	0	0	0	0	0	0	0	0	0	0	5
218	Gordana Budimir	0	0	0	0	0	0	0	0	0	0	0	0	0	0	0	5
219	Alenka Koželj Mernik	0	0	0	0	0	0	0	0	0	0	0	0	0	0	0	5
220	Tvrtko Šercar	5	0	8	2	0	0	0	4	0	0	0	6	0	0	0	5
221	Milan Kozole	0	0	0	0	0	0	0	0	0	0	0	0	0	0	0	1
222	Mojca Ciglarič	10	39	29	16	311	269	106	33	0	42	70	56	6	21	10	0
223	Mojca Parkelj	1	0	0	0	0	0	0	0	0	0	0	0	0	0	0	7
224	Mina Žele	0	0	0	0	0	0	0	0	0	0	0	0	0	0	0	1
225	Uroš Pompe	3	31	1	2	286	9	198	0	0	49	41	0	6	1	0	7
226	Jure Skvarč	1	1	0	0	0	0	0	0	0	0	0	0	0	0	0	7
227	Matjaž Horvat	3	13	1	2	95	1	52	0	0	14	23	0	1	1	0	0
228	Alenka Žužek	5	43	5	5	406	68	198	1	1	70	84	5	9	2	2	1
229	Stanislav Mihelčič	0	0	0	0	0	0	0	0	0	0	0	0	0	0	0	5
230	Janez Hafner	0	0	0	0	0	0	0	0	0	0	0	0	0	0	0	1
231	Zoran Bistrički	1	0	0	0	0	0	0	0	0	0	0	0	0	0	0	3
232	Brane Brodnik	0	0	0	0	0	0	0	0	0	0	0	0	0	0	0	1
233	Andrej Kores	1	0	0	0	0	0	0	0	0	0	0	0	0	0	0	1
234	Marko Šinkovc	3	15	1	2	57	5	27	0	1	12	13	0	5	1	0	5
235	Jože Senegačnik	0	0	0	0	0	0	0	0	0	0	0	0	0	0	0	1
236	Branko Šter	9	56	25	11	381	294	262	34	0	61	124	27	15	19	4	7
237	Hubert Fröhlich	0	0	0	0	0	0	0	0	0	0	0	0	0	0	0	5
238	Borut Žnidar	2	29	0	1	274	0	211	0	0	41	19	0	5	0	0	1
239	Franc Bračun	4	13	4	2	46	26	15	0	0	5	9	4	2	0	0	1
240	Boris Antolovič	1	7	0	0	0	0	20	0	0	1	0	0	0	0	0	1
241	Matjaž Kukar	14	174	72	19	1029	1639	1370	182	25	284	429	143	72	32	7	7
242	Darko Lestan	0	0	0	0	0	0	0	0	0	0	0	0	0	0	0	5
243	Matjaž Urank	0	0	0	0	0	0	0	0	0	0	0	0	0	0	0	5
244	Roman Gumzej	2	17	0	1	214	0	35	0	0	35	11	0	3	0	0	5
245	Tomaž Poštuvan	0	0	0	0	0	0	0	0	0	0	0	0	0	0	0	3
246	Anka Rogina	2	3	0	1	0	0	2	0	0	1	3	0	0	0	0	5
247	Darko Zupanič	9	132	25	11	880	586	1096	34	46	184	256	27	61	19	4	7
248	Črtomir Oblonšek	3	39	1	2	101	27	347	0	0	44	37	0	7	1	0	3
249	Istok Colja	0	0	0	0	0	0	0	0	0	0	0	0	0	0	0	3
250	Robert Rozman	3	11	2	1	109	17	7	0	0	12	5	1	0	0	0	1
251	Andrej Orel	2	42	0	1	364	0	373	0	0	111	26	0	8	0	0	0
252	Robert Špendl	2	48	0	1	415	0	478	0	0	83	28	0	10	0	0	7
253	Primož Potočnik	1	7	0	0	0	0	20	0	0	1	0	0	0	0	0	7
254	Boris Benko	6	91	6	9	484	146	865	0	2	264	247	9	29	6	5	5
255	Irena Lipar	0	0	0	0	0	0	0	0	0	0	0	0	0	0	0	7
256	Aleš Klemenčič	1	17	0	0	43	0	116	0	0	20	0	0	0	0	0	2
257	Anka Dolinar	0	0	0	0	0	0	0	0	0	0	0	0	0	0	0	5
258	Irena Sajovic	2	7	0	1	10	0	11	0	0	4	5	0	1	0	0	0
259	Anton Pozne	4	36	4	2	165	59	142	1	1	75	23	2	12	1	0	7
260	Stanko Koželj	0	0	0	0	0	0	0	0	0	0	0	0	0	0	0	5
261	Andrej Duh	2	15	0	1	78	0	43	0	0	12	5	0	5	0	0	1
262	Rok Rupnik	10	70	24	21	616	278	280	26	3	119	254	42	46	30	22	5
263	Marko Robnik Šikonja	6	41	7	8	425	53	207	4	1	40	120	3	15	10	3	7
264	Špela Hleb Babič	5	78	3	7	642	71	506	0	11	218	129	3	45	3	4	0
265	Nikolaj Korbar	6	97	2	13	508	33	736	0	0	164	302	1	75	6	13	3
266	Urban Bergant	2	14	0	1	16	0	16	0	0	30	4	0	5	0	0	0
267	Tomaž Bartol	2	14	0	1	70	0	63	0	0	15	12	0	1	0	0	5
268	Mojca Sabolič Mijovič	1	22	0	0	196	0	195	0	0	36	0	0	0	0	0	3
269	Martin Puhar	2	1	1	0	0	1	0	0	0	0	0	0	0	0	0	5
270	Robert Verlič	2	27	0	1	175	0	146	0	0	23	19	0	4	0	0	1
271	Andrej Gogala	0	0	0	0	0	0	0	0	0	0	0	0	0	0	0	5
272	Mateja Podlogar	4	4	2	4	56	6	0	0	0	2	6	1	0	2	1	5
273	Georg Pollak	0	0	0	0	0	0	0	0	0	0	0	0	0	0	0	1
274	Čedo Malič	0	0	0	0	0	0	0	0	0	0	0	0	0	0	0	7
275	Bojan Kverh	5	48	5	5	248	71	255	2	0	23	89	2	16	5	1	7
276	Davorka Šel	2	4	1	0	56	4	5	0	0	1	0	0	0	0	0	7
277	Tomaž Šef	13	137	61	17	764	1114	947	144	8	186	392	104	61	31	7	7
278	Jana Grohar	0	0	0	0	0	0	0	0	0	0	0	0	0	0	0	7
279	David Podgorelec	8	43	14	14	157	98	241	8	0	25	163	21	20	18	9	1
280	Aleš Časar	3	14	0	3	81	0	34	0	0	8	16	0	6	0	1	1
281	Matija Marolt	5	8	7	3	44	16	12	3	0	1	14	6	1	0	1	3
282	Janez Bostič	0	0	0	0	0	0	0	0	0	0	0	0	0	0	0	1
283	Rok Prešeren	0	0	0	0	0	0	0	0	0	0	0	0	0	0	0	0
284	Dorian Šuc	4	44	4	2	327	88	467	0	0	112	32	4	6	0	0	7
285	Primož Skočir	1	2	0	0	1	0	0	0	0	1	0	0	0	0	0	0
286	Tanasko Tasić	0	0	0	0	0	0	0	0	0	0	0	0	0	0	0	5
287	Simon Križaj	0	0	0	0	0	0	0	0	0	0	0	0	0	0	0	3
288	Bojan Oštir	2	3	0	1	0	0	2	0	0	1	3	0	0	0	0	5
289	Igor Zaverski	1	7	0	0	78	0	11	0	0	10	0	0	0	0	0	5
290	Uroš Lotrič	4	21	3	3	124	21	69	0	0	7	24	3	9	0	1	7
291	Janez Brest	17	133	82	54	642	1096	718	171	9	165	790	281	112	155	73	1
292	Alenka Kavčič	6	7	10	5	60	18	7	4	0	0	17	13	0	2	1	3
293	Srečko Fridl	0	0	0	0	0	0	0	0	0	0	0	0	0	0	0	0
294	Marko Bajec	15	78	59	46	617	766	716	93	6	183	272	203	21	82	77	5
295	Samo Uršej	0	0	0	0	0	0	0	0	0	0	0	0	0	0	0	1
296	Valdi Brajković	0	0	0	0	0	0	0	0	0	0	0	0	0	0	0	0
297	Franc Močilar	1	0	0	0	0	0	0	0	0	0	0	0	0	0	0	1
298	Arijan Šiška	2	5	1	0	59	3	2	0	1	2	0	0	0	0	0	3
299	Franc Škedelj	1	1	0	0	28	0	0	0	0	0	0	0	0	0	0	0
300	Gregor Molan	0	0	0	0	0	0	0	0	0	0	0	0	0	0	0	7
301	Simon Kolmanič	5	41	5	5	109	63	313	2	0	42	79	2	11	5	1	3
302	Maja Ferle	1	11	0	0	148	0	44	0	0	11	0	0	0	0	0	1
303	Radovan Sernec	3	1	2	1	0	1	0	0	0	0	1	1	0	0	0	0
304	Ljupčo Todorovski	23	166	211	42	1077	2585	982	1090	81	190	685	513	110	135	33	0
305	Vili Podgorelec	16	192	71	49	741	1461	1414	116	47	302	909	262	208	122	60	0
306	Janez Demšar	13	103	52	26	710	740	735	97	7	159	400	112	41	57	20	7
307	Ivan Gabrijel	2	19	0	1	118	0	74	0	0	13	7	0	6	0	0	1
308	Bor Prihavec	4	45	2	4	346	26	326	0	1	61	95	1	6	2	1	0
309	Damjan Demšar	6	149	3	12	766	104	1695	0	10	240	457	3	82	6	11	7
310	Andreja Pucihar	4	4	2	4	56	6	0	0	0	2	6	1	0	2	1	5
311	Uroš Kač	4	59	2	4	376	47	373	0	2	55	78	1	24	2	1	1
312	Iztok Lapanja	7	17	7	14	25	22	10	2	0	14	44	8	18	13	12	1
313	Gregor Lenart	5	49	6	4	226	145	496	0	0	143	35	9	8	0	1	5
314	Arso Savanović	1	0	0	0	0	0	0	0	0	0	0	0	0	0	0	0
315	Milan Zorman	18	128	90	63	793	1091	491	203	22	213	831	305	105	221	87	7
316	Robert Meolic	4	14	1	5	90	3	29	0	0	5	27	0	6	2	2	1
317	Aleš Lavrič	0	0	0	0	0	0	0	0	0	0	0	0	0	0	0	5
318	Janja Jakončič-Faganel	3	60	0	3	395	0	519	0	0	168	82	0	19	0	1	0
319	Aleš Živkovič	16	135	65	55	668	749	866	115	9	177	1032	218	113	129	98	5
320	Boštjan Marušič	3	1	2	1	0	1	0	0	0	0	1	1	0	0	0	2
321	Tomaž Degen	4	13	0	6	71	0	18	0	0	4	17	0	11	0	4	1
322	Tomaž Dobravec	2	15	1	0	68	15	49	0	0	20	0	0	0	0	0	3
323	Danijel Skočaj	10	78	29	16	408	433	409	27	2	71	223	66	21	19	8	7
324	Aleš Smrdel	2	7	0	1	20	0	20	0	0	1	7	0	0	0	0	3
325	Andrej Štrancar	4	11	4	2	81	22	11	0	0	3	9	4	1	0	0	1
326	Gregor Papa	19	165	141	30	941	2344	950	559	36	224	436	325	59	70	15	1
327	Simon Vavpotič	2	17	0	1	88	0	65	0	0	11	7	0	5	0	0	7
328	Roman Starin	0	0	0	0	0	0	0	0	0	0	0	0	0	0	0	7
329	Matjaž B. Jurič	25	135	220	80	822	1784	589	1057	13	177	1204	779	113	331	133	5
330	Tomaž Domajnko	13	165	38	40	764	840	1230	26	4	259	846	152	143	36	72	5
331	Mitja Lenič	22	127	160	71	695	1467	535	556	13	145	944	653	115	226	105	1
332	Roman Zidarič	0	0	0	0	0	0	0	0	0	0	0	0	0	0	0	2
333	Neja Zupan	2	11	0	1	33	0	24	0	0	13	7	0	2	0	0	5
334	Janez Jamšek	0	0	0	0	0	0	0	0	0	0	0	0	0	0	0	0
335	Katarina Horvat	1	1	0	0	1	0	0	0	0	0	0	0	0	0	0	5
336	Damjan Strnad	3	20	1	2	140	8	61	0	0	18	22	0	5	1	0	3
337	Robert Krušec	9	83	13	23	576	171	476	5	5	131	363	29	60	18	32	1
338	Uroš Novak	7	93	9	12	492	174	719	0	2	168	246	18	67	9	8	1
339	Bruno Grohar	2	48	0	1	415	0	478	0	0	83	28	0	10	0	0	1
340	Boštjan Brumen	20	173	118	72	844	1583	872	319	39	196	1210	460	208	247	114	5
341	Vlado Horvat	0	0	0	0	0	0	0	0	0	0	0	0	0	0	0	1
342	Marko Vraničar	0	0	0	0	0	0	0	0	0	0	0	0	0	0	0	0
343	Mateja Kunstelj	5	40	3	7	357	64	289	1	8	91	80	0	0	6	3	0
344	Igor Lesjak	1	17	0	0	43	0	116	0	0	20	0	0	0	0	0	7
345	Peter Peer	4	45	2	4	312	31	331	0	0	59	92	1	6	2	1	7
346	Matej Trampuš	5	14	1	9	75	5	11	0	0	12	41	0	5	3	7	1
347	Samo Vehovc	0	0	0	0	0	0	0	0	0	0	0	0	0	0	0	0
348	Janez Žibert	11	39	19	36	231	68	100	13	0	30	276	39	23	54	59	7
349	Roni Leben	2	7	0	1	56	0	14	0	0	7	7	0	0	0	0	1
350	Herman J. P. van Midden	0	0	0	0	0	0	0	0	0	0	0	0	0	0	0	5
351	Matjaž Pančur	8	24	14	14	139	105	64	9	0	17	49	19	7	19	9	1
352	Stanislav Petrinić	1	0	0	0	0	0	0	0	0	0	0	0	0	0	0	5
353	Andrej Korošec	1	0	0	0	0	0	0	0	0	0	0	0	0	0	0	5
354	Robert Vehovec	0	0	0	0	0	0	0	0	0	0	0	0	0	0	0	5
355	Simon Beloglavec	9	128	10	26	707	169	1033	3	3	178	559	21	145	19	41	5
356	Patricio Bulić	4	12	4	2	88	21	8	1	0	9	13	2	1	1	0	1
357	Anamarija Leben	5	40	3	7	357	64	289	1	8	91	80	0	0	6	3	5
358	Vasja Kavčič	1	1	0	0	1	0	0	0	0	0	0	0	0	0	0	5
359	Tamara Bertok Velkavrh	2	0	1	0	0	0	0	0	0	0	0	0	0	0	0	5
360	Slavko Krapež	2	28	0	1	168	0	194	0	0	24	18	0	5	0	0	1
361	Andrej Bregar	4	107	0	6	525	0	1237	0	0	235	139	0	91	0	4	5
362	Vilko Leben	1	1	0	0	4	0	0	0	0	0	0	0	0	0	0	5
363	Matej Šprogar	8	102	13	15	745	241	619	4	16	198	281	27	80	12	13	7
364	Andraž Bežek	2	74	0	1	428	0	1172	0	0	169	48	0	13	0	0	7
365	Simon Vrečar	1	1	0	0	0	0	0	0	0	0	0	0	0	0	0	0
366	Alenka Baggia	4	11	3	3	61	6	12	1	1	12	17	0	4	3	0	5
367	Andrej Jeromen	1	7	0	0	0	0	20	0	0	1	0	0	0	0	0	7
368	Jure Knez	3	31	0	3	211	0	235	0	0	80	52	0	5	0	1	3
369	Boris Petelin	2	17	0	1	88	0	65	0	0	11	7	0	5	0	0	3
370	Matej Gomboši	4	35	0	6	132	0	263	0	0	34	77	0	14	0	4	1
371	Matjaž Jogan	5	44	2	8	217	45	239	0	0	31	111	1	10	4	5	0
372	Aljaž Zrnec	13	57	36	42	528	423	387	31	1	72	229	123	15	57	75	5
373	Franc Rotar	0	0	0	0	0	0	0	0	0	0	0	0	0	0	0	1
374	Aleksander Sadikov	13	85	53	25	658	579	505	80	11	125	349	155	35	33	18	7
375	Enis Avdičaušević	8	109	11	17	579	215	794	5	3	199	374	19	84	13	19	1
376	Damijan Rebernak	11	111	23	32	548	364	710	16	7	166	524	52	104	55	42	1
377	Cveto Gregorc	2	12	0	1	195	0	17	0	0	29	8	0	2	0	0	5
378	Aleš Zalokar	0	0	0	0	0	0	0	0	0	0	0	0	0	0	0	0
379	Matjaž Kovač	0	0	0	0	0	0	0	0	0	0	0	0	0	0	0	3
380	Borut Gorenjak	5	25	2	8	239	8	148	0	0	68	86	1	3	4	5	3
381	Aleksander Pivk	4	99	2	4	647	67	1243	0	1	164	176	1	26	2	1	7
382	Izidor Golob	7	124	5	16	649	129	1113	0	4	245	373	6	117	13	16	5
383	Mitja Dečman	3	6	0	3	120	0	3	0	0	0	0	0	6	0	1	0
384	Matej Grom	2	14	0	1	131	0	18	0	0	25	2	0	6	0	0	5
385	Daniel Čeh-Ambruš	0	0	0	0	0	0	0	0	0	0	0	0	0	0	0	5
386	Branko Kaučič	6	63	11	4	327	248	457	6	0	80	53	13	7	0	1	3
387	Samo Zorko	0	0	0	0	0	0	0	0	0	0	0	0	0	0	0	3
388	Marjan Seljak	1	0	0	0	0	0	0	0	0	0	0	0	0	0	0	5
389	Boris Banjanin	0	0	0	0	0	0	0	0	0	0	0	0	0	0	0	1
390	Matej Kupljen	1	0	0	0	0	0	0	0	0	0	0	0	0	0	0	1
391	Davor Bračko	0	0	0	0	0	0	0	0	0	0	0	0	0	0	0	5
392	Jure Klemenčič	2	6	0	1	0	0	15	0	0	0	6	0	0	0	0	7
393	Branko Horvat	4	24	0	6	179	0	166	0	0	65	66	0	3	0	4	3
394	Matjaž Bevk	7	64	12	9	492	204	394	8	9	85	130	13	16	10	4	0
395	Boštjan Vesnicer	5	45	1	9	158	15	197	0	0	59	71	0	47	3	7	7
396	Samo Ceferin	0	0	0	0	0	0	0	0	0	0	0	0	0	0	0	0
397	Sebastian Krivograd	5	50	2	8	175	40	371	0	0	51	128	1	16	4	5	1
398	Bogdan Lipuš	2	39	0	1	102	0	357	0	0	46	27	0	6	0	0	1
399	Marko Knez	7	57	8	13	231	160	257	2	3	86	124	14	26	6	13	0
400	Aleš Mihelič	14	50	49	42	418	315	101	64	2	61	283	160	24	76	64	7
401	Aleš Merčun	6	41	2	13	215	22	141	0	1	66	129	1	26	6	13	7
402	Maja Škrjanc	6	102	13	2	721	370	1043	12	30	163	56	8	12	0	0	7
403	Peter Juvan	4	68	0	6	459	0	634	0	0	123	142	0	31	0	4	7
404	Andrej Nussdorfer	0	0	0	0	0	0	0	0	0	0	0	0	0	0	0	4
405	Karmen Voda	3	5	1	2	10	0	6	0	0	4	10	0	0	1	0	0
406	Damjan Vavpotič	8	63	10	18	502	124	280	4	1	105	219	17	48	14	21	5
407	Iztok Lebar Bajec	9	9	13	23	22	20	4	6	1	1	30	20	10	33	25	1
408	Damjan Oseli	5	20	1	9	20	5	19	0	1	18	29	0	22	3	7	1
409	Alenka Rožanec	3	46	0	3	371	0	340	0	0	98	58	0	17	0	1	5
410	Branko Ikica	1	0	0	0	0	0	0	0	0	0	0	0	0	0	0	1
411	Ervin Schaff	5	25	2	8	239	8	148	0	0	68	86	1	3	4	5	3
412	Jure Meglič	3	9	2	1	71	11	4	0	0	6	1	1	3	0	0	5
413	Janez Pustatičnik	0	0	0	0	0	0	0	0	0	0	0	0	0	0	0	5
414	Tadej Glavič	0	0	0	0	0	0	0	0	0	0	0	0	0	0	0	1
415	Peter Černe	0	0	0	0	0	0	0	0	0	0	0	0	0	0	0	0
416	Damjan Hodžar	2	7	0	1	10	0	11	0	0	4	5	0	1	0	0	7
417	Darko Škerl	5	40	0	10	168	0	156	0	0	63	98	0	31	0	10	7
418	Janez Brank	4	37	1	5	318	15	243	0	0	53	74	0	11	2	2	7
419	Bernard Ženko	5	47	4	6	342	24	376	1	3	74	124	2	17	5	2	7
420	Urban Primožič	1	1	0	0	0	0	0	0	0	0	0	0	0	0	0	7
421	Peter Korošec	11	114	34	21	705	637	687	46	21	143	385	63	38	42	14	1
422	Gregor Klajnšek	10	56	24	21	265	221	338	22	0	57	259	43	12	40	15	1
423	Mirko Zadravec	5	37	1	9	141	7	247	0	0	26	105	0	18	3	7	1
424	Tomislav Rozman	8	92	9	19	718	141	587	0	9	197	325	18	80	18	20	3
425	Tadej Kokalj	2	6	0	1	0	0	15	0	0	0	6	0	0	0	0	7
426	Borut Batagelj	6	32	11	4	278	87	147	10	0	38	63	4	5	6	0	0
427	Katarina Mele	3	20	1	2	107	18	103	0	0	19	18	0	2	1	0	7
428	Jaka Krivic	3	41	0	3	169	0	272	0	0	25	60	0	11	0	1	7
429	Jurij Mihelič	3	17	0	3	103	0	36	0	0	18	22	0	6	0	1	3
430	Polonca Ferk	1	7	0	0	146	0	13	0	0	8	0	0	0	0	0	5
431	Janez Šinkovec	1	7	0	0	22	0	16	0	0	5	0	0	0	0	0	5
432	Marko Perko	2	41	1	0	243	41	732	0	0	88	0	0	0	0	0	3
433	Bojan Mahkovec	1	1	0	0	41	0	0	0	0	0	0	0	0	0	0	3
434	Miloš Pegan	5	34	2	8	95	1	251	0	0	47	127	1	4	4	5	5
435	Zvonko Kribel	0	0	0	0	0	0	0	0	0	0	0	0	0	0	0	5
436	Matej Črepinšek	7	63	11	10	444	136	457	7	4	129	166	12	34	10	6	3
437	Igor Dremelj	1	7	0	0	55	0	0	0	0	21	0	0	0	0	0	1
438	Rok Vodišek	2	2	0	1	0	0	0	0	0	0	2	0	0	0	0	1
439	Leo Zornada	1	1	0	0	0	0	0	0	0	0	0	0	0	0	0	0
440	Peter Baloh	1	0	0	0	0	0	0	0	0	0	0	0	0	0	0	5
441	Uroš Rajkovič	5	44	3	7	305	38	271	0	0	65	128	3	5	3	4	5
442	Domen Marinčič	9	97	25	11	578	488	821	24	8	142	182	48	45	7	5	7
443	Peter Ljubič	11	140	32	23	953	620	979	42	42	159	510	56	93	50	17	0
444	Urban Velkavrh	0	0	0	0	0	0	0	0	0	0	0	0	0	0	0	7
445	Boštjan Kežmah	11	102	29	26	524	356	854	21	6	185	450	79	101	40	25	5
446	Dušan Heric	2	20	0	1	127	0	120	0	0	70	20	0	0	0	0	1
447	Andrej Jazbec	5	17	0	10	17	0	15	0	0	17	30	0	19	0	10	1
448	Boštjan Šumak	6	96	3	12	441	42	970	0	2	219	296	2	69	8	10	5
449	Maja Pušnik	5	93	1	9	433	23	1028	0	2	223	219	0	63	3	7	5
450	Sašo Greiner	7	66	3	18	483	37	436	0	1	109	261	3	48	9	23	1
451	Gregor Leban	6	69	4	11	484	71	585	0	1	111	200	4	36	8	8	0
452	Tomaž Curk	10	54	26	19	460	188	479	28	0	112	258	45	20	34	13	7
453	Uroš Čibej	6	33	5	10	203	53	123	0	0	23	102	6	5	8	6	3
454	Luka Šajn	4	47	2	4	430	30	268	0	4	59	71	1	16	2	1	7
455	Tomaž Kosar	9	68	23	13	466	282	435	27	4	143	190	30	32	20	7	1
456	Jernej Vičič	3	21	2	1	160	38	98	0	0	44	4	1	0	0	0	0
457	Srečo Plevel	3	27	2	1	173	27	146	0	0	23	19	1	4	0	0	0
458	Mitja Luštrek	10	84	30	15	597	374	929	51	7	161	322	26	23	35	8	7
459	Martin Žnidaršič	8	148	5	23	930	132	1289	0	11	188	696	7	93	16	33	7
460	Gregor Polančič	10	100	24	21	568	286	817	21	14	220	420	50	83	29	20	3
461	Katja Harej	6	62	4	11	447	52	487	0	0	177	204	6	27	4	10	5
462	Uroš Kejžar	0	0	0	0	0	0	0	0	0	0	0	0	0	0	0	1
463	Miha Volovšek	0	0	0	0	0	0	0	0	0	0	0	0	0	0	0	7
464	Matej Fetih	0	0	0	0	0	0	0	0	0	0	0	0	0	0	0	5
465	Gregor Rodič	0	0	0	0	0	0	0	0	0	0	0	0	0	0	0	5
466	Vjekoslav Delimar	0	0	0	0	0	0	0	0	0	0	0	0	0	0	0	3
467	Smiljan Šinjur	1	27	0	0	60	0	308	0	0	43	0	0	0	0	0	1
468	Marko Poženel	3	21	1	2	301	12	77	0	0	25	28	0	1	1	0	3
469	Rok Ostrovršnik	1	7	0	0	70	0	13	0	0	8	0	0	0	0	0	1
470	Borko Bošković	7	66	3	18	483	37	436	0	1	109	261	3	48	9	23	1
471	Davorka Vilus Vičič	1	0	0	0	0	0	0	0	0	0	0	0	0	0	0	5
472	Tomaž Dular	0	0	0	0	0	0	0	0	0	0	0	0	0	0	0	5
473	Srečko Natek	0	0	0	0	0	0	0	0	0	0	0	0	0	0	0	0
474	Jure Pražnikar	0	0	0	0	0	0	0	0	0	0	0	0	0	0	0	0
475	Andrej Bratko	5	98	3	7	659	110	1045	0	8	145	216	3	25	3	4	0
476	Igor Perko	0	0	0	0	0	0	0	0	0	0	0	0	0	0	0	5
477	Matej Mertik	9	84	9	27	681	126	396	4	2	165	414	10	64	31	39	7
478	Gregor Štiglic	9	84	9	27	681	126	396	4	2	165	414	10	64	31	39	0
479	Boris Horvat	1	4	0	0	28	0	0	0	0	6	0	0	0	0	0	0
480	Aleš Videnšek	1	7	0	0	22	0	16	0	0	5	0	0	0	0	0	5
481	Vid Domiter	7	36	10	11	148	44	206	6	1	26	132	10	19	12	7	1
482	Jure Ferlež	4	113	2	4	633	87	1454	0	8	204	176	1	30	2	1	0
483	Simon Rozman	2	51	0	1	344	0	746	0	0	89	37	0	7	0	0	7
484	Tea Tušar	14	114	66	25	785	847	759	151	7	124	539	141	41	57	15	7
485	Matjaž Kljun	2	5	0	1	23	0	2	0	0	4	5	0	0	0	0	0
486	Aida Kamišalić	10	102	17	28	624	364	688	3	10	252	428	43	53	41	33	5
487	Boštjan Žvanut	4	72	5	1	506	167	698	2	4	223	25	2	8	0	0	0
488	Marko Tekavc	2	57	0	1	256	0	651	0	0	163	19	0	19	0	0	5
489	Miha Peternel	1	17	0	0	43	0	116	0	0	20	0	0	0	0	0	7
490	Timotej Globačnik	1	27	0	0	60	0	308	0	0	43	0	0	0	0	0	7
491	Gregor Polanšek	0	0	0	0	0	0	0	0	0	0	0	0	0	0	0	2
492	Aljaž Noe	0	0	0	0	0	0	0	0	0	0	0	0	0	0	0	3
493	David Batič	1	0	0	0	0	0	0	0	0	0	0	0	0	0	0	5
494	Uroš Jovanovič	5	28	4	6	185	28	107	0	0	18	72	6	6	0	4	3
495	Mateja Verlič	13	93	42	36	738	507	346	23	13	158	441	175	71	43	45	0
496	Marko Hölbl	12	127	32	34	613	642	1078	21	8	301	565	97	87	63	39	5
497	Dejan Lavbič	14	85	46	45	714	732	877	49	4	123	317	167	24	71	77	5
498	Luka Fürst	3	53	2	1	315	70	394	0	0	112	36	1	0	0	0	7
499	Alenka Žerovnik	4	11	1	5	139	3	14	0	0	1	30	0	0	2	2	3
500	Marko Mali	3	28	0	3	179	0	162	0	0	20	36	0	10	0	1	2
501	Igor Rozman	3	28	1	2	136	15	108	0	0	31	35	0	3	1	0	1
502	Igor Jelovčan	1	2	0	0	27	0	0	0	0	1	0	0	0	0	0	0
503	Jani Kleindienst	0	0	0	0	0	0	0	0	0	0	0	0	0	0	0	0
504	Matej Cvikl	1	8	0	0	20	0	26	0	0	2	0	0	0	0	0	0
505	Marjana Pikec	1	28	0	0	224	0	328	0	0	50	0	0	0	0	0	5
506	Aleš Štimec	6	41	8	7	213	112	173	0	0	34	77	16	8	0	4	3
507	Denis Špelič	7	59	9	12	188	134	379	4	1	59	176	9	21	15	7	1
508	Boštjan Pivec	2	31	0	1	75	0	293	0	0	42	21	0	5	0	0	1
509	Andrej Nerat	2	16	0	1	100	0	67	0	0	14	10	0	3	0	0	3
510	Ljupčo Krstov	1	0	0	0	0	0	0	0	0	0	0	0	0	0	0	5
511	Rok Šabjan	5	4	4	6	0	4	0	0	0	0	8	6	2	0	4	1
512	Igor Križnar	5	3	3	7	0	3	0	0	0	0	7	3	1	3	4	1
513	Dragan Vitas	5	3	3	7	0	3	0	0	0	0	7	3	1	3	4	0
514	Igor Verstovšek	5	3	3	7	0	3	0	0	0	0	7	3	1	3	4	1
515	Justin Činkelj	0	0	0	0	0	0	0	0	0	0	0	0	0	0	0	3
516	Janez Brezovnik	4	24	0	6	179	0	166	0	0	65	66	0	3	0	4	3
517	Primož Pečar	5	17	0	10	17	0	15	0	0	17	30	0	19	0	10	1
518	Kajetan Dolinar	3	5	1	2	8	2	2	0	1	1	2	0	2	1	0	5
519	Matjaž Depolli	4	47	4	2	357	90	307	0	2	60	33	4	7	0	0	0
520	Joël Plisson	5	79	1	9	599	19	558	0	1	128	221	0	37	3	7	7
521	Mariusz Wegrzyn	2	28	0	1	162	0	183	0	0	24	10	0	9	0	0	0
522	Valentin Gjorgjioski	3	31	1	2	223	3	262	0	1	67	47	0	5	1	0	0
523	Mitja Vardjan	3	3	1	2	6	0	0	0	1	0	0	0	2	1	0	1
524	Gašper Fele-Žorž	1	8	0	0	20	0	26	0	0	2	0	0	0	0	0	3
525	Tadej Zupančič	1	9	0	0	45	0	25	0	0	11	0	0	0	0	0	7
526	Igor Pesek	0	0	0	0	0	0	0	0	0	0	0	0	0	0	0	7
527	Matej Perše	1	5	0	0	30	0	6	0	0	4	0	0	0	0	0	1
528	Luka Pavlič	15	121	69	36	726	902	754	111	38	266	554	257	81	50	37	0
529	Rok Istenič	2	20	0	1	127	0	120	0	0	70	20	0	0	0	0	0
530	Vinko Podobnik	4	37	0	6	95	0	284	0	0	47	97	0	7	0	4	5
531	Mitja Kolbe	3	57	2	1	348	62	757	0	0	99	36	1	8	0	0	7
532	Peter Mrak	3	44	1	2	297	24	283	0	1	42	34	0	14	1	0	0
533	Panče Panov	5	35	6	4	306	25	226	4	4	64	85	0	11	6	0	7
534	Gregor Berginc	9	37	22	14	178	170	96	8	0	18	94	63	16	4	9	3
535	Andrej Krevl	3	15	0	3	66	0	24	0	0	10	8	0	11	0	1	0
536	Enes Pašalić	0	0	0	0	0	0	0	0	0	0	0	0	0	0	0	0
537	Živa Rant	0	0	0	0	0	0	0	0	0	0	0	0	0	0	0	0
538	Kristina Bogataj	3	4	0	3	51	0	0	0	0	1	6	0	1	0	1	0
539	Uroš Goljat	5	52	4	6	256	55	434	0	7	145	97	4	21	4	2	5
540	Andrej Krajnc	7	40	9	12	239	49	336	3	4	115	159	10	12	16	6	5
541	Jan Porekar	4	2	2	4	8	2	0	0	0	1	4	0	0	4	0	1
542	Svetlana Šaljić	3	5	1	2	8	2	2	0	1	1	2	0	2	1	0	5
543	Damir Husejnagić	0	0	0	0	0	0	0	0	0	0	0	0	0	0	0	5
544	Blaž Fortuna	6	60	7	8	456	112	514	3	0	108	134	5	27	9	3	7
545	Bojan Rupnik	4	46	1	5	144	19	315	0	0	51	83	0	18	2	2	1
546	Blaž Repnik	5	40	3	7	100	25	271	0	1	47	111	3	11	3	4	1
547	Peter Holozan	8	49	1	27	233	1	158	0	0	36	272	0	35	6	50	7
548	Matevž Mesojednik	0	0	0	0	0	0	0	0	0	0	0	0	0	0	0	1
549	Damijan Žabjek	0	0	0	0	0	0	0	0	0	0	0	0	0	0	0	5
550	Petra Kralj Novak	5	66	4	6	539	93	545	1	4	139	117	2	23	5	2	0
551	Ana Šaša	7	164	10	11	858	423	1704	4	7	325	319	14	114	10	7	5
552	Miha Janež	7	13	4	17	27	8	6	0	0	10	46	4	12	12	19	1
553	Matej Guid	5	47	0	10	358	0	399	0	0	107	166	0	11	0	10	7
554	Štefan Furlan	11	40	15	40	429	153	245	0	0	48	213	45	17	45	75	5
555	Katerina Taškova	7	87	11	10	603	203	599	8	11	139	233	9	32	13	5	0
556	Damjan Kovač	1	7	0	0	44	0	19	0	0	2	0	0	0	0	0	5
557	Lan Umek	3	31	0	3	262	0	202	0	0	51	40	0	11	0	1	7
558	Zoran Bosnić	11	85	42	13	609	568	837	85	9	131	222	47	21	29	4	7
559	Miro Romih	7	55	0	21	240	0	206	0	0	36	218	0	56	0	35	7
560	Aleš Zamuda	7	56	11	10	373	121	304	5	3	113	155	15	27	10	5	0
561	Sergeja Sabo	2	38	0	1	341	0	341	0	0	101	20	0	9	0	0	0
562	Jernej Južna	2	10	0	1	48	0	18	0	0	3	6	0	2	0	0	3
563	Milan Verdev	2	48	0	1	384	0	455	0	0	106	28	0	10	0	0	0
564	Stanka Šalamun	1	21	0	0	127	0	139	0	0	71	0	0	0	0	0	0
565	Blaž Novak	3	25	0	3	218	0	177	0	0	36	40	0	5	0	1	7
566	Jure Žabkar	8	73	16	12	529	239	492	14	4	138	220	20	22	14	8	7
567	Martin Možina	10	68	24	21	550	234	480	23	2	118	320	44	27	35	18	7
568	Andrej Sevčnikar	6	41	0	15	450	0	55	0	0	74	175	0	15	0	20	5
569	Janez Franc Vratanar	1	4	0	0	8	0	3	0	0	3	0	0	0	0	0	3
570	Aleš Kumer	8	22	0	28	252	0	27	0	0	22	114	0	20	0	56	5
571	Gregor Štrubelj	0	0	0	0	0	0	0	0	0	0	0	0	0	0	0	3
572	Miha Moškon	5	21	0	10	27	0	24	0	0	14	36	0	24	0	10	1
573	Domen Mongus	15	58	78	27	513	497	198	174	1	91	269	237	22	18	26	0
574	Aleš Jurca	0	0	0	0	0	0	0	0	0	0	0	0	0	0	0	5
575	Luka Čehovin	3	30	2	1	138	40	140	0	0	31	16	1	2	0	0	7
576	Jana Faganeli	1	8	0	0	20	0	26	0	0	2	0	0	0	0	0	3
577	Erik Štrumbelj	3	33	0	3	276	0	223	0	0	39	44	0	11	0	1	7
578	Uroš Legat	2	28	0	1	162	0	183	0	0	24	10	0	9	0	0	1
579	Vid Podpečan	6	64	6	9	517	86	486	2	2	126	184	4	23	10	4	3
580	Dejan Hrnčič	4	55	2	4	394	52	400	0	0	107	89	1	12	2	1	3
581	Boštjan Grašič	4	78	1	5	442	30	651	0	2	208	136	0	32	2	2	0
582	Miha Štajdohar	2	34	0	1	295	0	243	0	0	65	20	0	7	0	0	7
583	Andrej Ikica	1	0	0	0	0	0	0	0	0	0	0	0	0	0	0	1
584	Kristjan Košič	4	51	3	3	250	32	444	1	3	153	83	0	16	3	0	3
585	Matej Ožek	3	55	0	3	356	0	704	0	0	102	94	0	8	0	1	7
586	Jernej Novak	5	43	2	8	224	32	394	0	2	119	110	1	13	4	5	5
587	Rok Piltaver	3	54	0	3	343	0	706	0	0	84	78	0	15	0	1	7
588	Darko Čerepnalkoski	3	50	0	3	386	0	445	0	0	76	60	0	20	0	1	0
589	Ciril Bohak	1	4	0	0	8	0	3	0	0	3	0	0	0	0	0	3
590	Aleš Frece	3	22	0	3	135	0	154	0	0	77	44	0	0	0	1	0
591	Marko Toplak	5	36	2	8	356	11	186	0	0	51	101	1	16	4	5	7
592	Roland Perko	1	17	0	0	43	0	116	0	0	20	0	0	0	0	0	7
593	Matej Kristan	6	30	11	4	171	81	103	8	0	25	53	9	8	2	1	7
594	Iztok Starc	2	6	0	1	44	0	14	0	0	1	6	0	0	0	0	5
595	Marjana Heričko	1	35	0	0	140	0	472	0	0	123	0	0	0	0	0	5
596	Michael J. Galsworthy	0	0	0	0	0	0	0	0	0	0	0	0	0	0	0	5
597	Mitja Cerovšek	0	0	0	0	0	0	0	0	0	0	0	0	0	0	0	5
598	Bogdan Pogorelc	5	62	3	7	385	43	656	0	0	85	169	3	18	3	4	7
599	David Paš	0	0	0	0	0	0	0	0	0	0	0	0	0	0	0	0
600	Gianni Franceschini	0	0	0	0	0	0	0	0	0	0	0	0	0	0	0	0
601	Boštjan Kaluža	7	60	10	11	410	108	628	5	1	78	212	13	19	9	8	7
602	Vida Vukašinović	3	41	0	3	366	0	242	0	0	42	42	0	20	0	1	1
603	Tadej Janež	4	51	0	6	363	0	449	0	0	104	113	0	20	0	4	7
604	Lovro Šubelj	8	22	0	28	252	0	27	0	0	22	114	0	20	0	56	5
605	Marina Trkman	1	11	0	0	148	0	44	0	0	11	0	0	0	0	0	5
606	Lan Žagar	3	30	0	3	251	0	200	0	0	52	42	0	9	0	1	7
607	Marcel Križevnik	1	24	0	0	135	0	196	0	0	80	0	0	0	0	0	5
608	Črt Gerlec	6	52	4	11	302	30	378	0	3	139	176	3	24	10	7	5
609	Sandi Pohorec	12	124	33	33	757	659	701	12	22	265	505	124	78	46	38	7
610	Miha Pavlinek	2	36	0	1	159	0	442	0	0	120	32	0	2	0	0	3
611	Katja Kous	2	18	0	1	195	0	42	0	0	55	10	0	4	0	0	5
612	Erik Dovgan	11	93	35	20	661	476	782	41	5	102	382	82	31	28	14	1
613	Dragi Kocev	3	48	0	3	344	0	438	0	0	78	62	0	17	0	1	7
614	Mitja Trampuš	1	23	0	0	161	0	211	0	0	42	0	0	0	0	0	7
615	Iztok Fister	4	65	3	3	461	85	466	0	3	145	72	2	16	2	0	1
616	Gregor Rot	4	27	1	5	251	0	173	0	0	52	69	0	6	2	2	7
617	Matevž Leskovšek	0	0	0	0	0	0	0	0	0	0	0	0	0	0	0	7
618	Narvika Bovcon	2	24	0	1	155	0	175	0	0	21	18	0	3	0	0	7
619	Nejc Ilc	0	0	0	0	0	0	0	0	0	0	0	0	0	0	0	7
620	Denis Žganec	3	39	0	3	92	0	316	0	0	51	60	0	9	0	1	1
621	Petar Vračar	2	32	0	1	261	0	243	0	0	46	18	0	7	0	0	7
622	Patrik Pucer	1	3	0	0	72	0	2	0	0	1	0	0	0	0	0	0
623	Bojan Bedrač	0	0	0	0	0	0	0	0	0	0	0	0	0	0	0	5
624	Simon Vouk	1	0	0	0	0	0	0	0	0	0	0	0	0	0	0	1
625	Mateja Strnad	3	11	0	3	96	0	20	0	0	0	16	0	3	0	1	7
626	Rolando Radej	1	6	0	0	73	0	11	0	0	4	0	0	0	0	0	5
627	Ambrož Stropnik	1	0	0	0	0	0	0	0	0	0	0	0	0	0	0	3
628	Tadej Štajner	2	26	0	1	203	0	197	0	0	40	18	0	4	0	0	7
629	Tadej Justin	4	34	0	6	137	0	119	0	0	62	48	0	27	0	4	7
630	Rok Žontar	4	16	2	4	203	6	10	0	5	25	16	1	8	2	1	5
631	David Jelenc	1	7	0	0	44	0	19	0	0	2	0	0	0	0	0	5
632	Darko Pevec	2	32	0	1	261	0	243	0	0	46	18	0	7	0	0	7
633	Robert Ravnik	2	24	0	1	155	0	175	0	0	21	18	0	3	0	0	7
634	Gregor Srdić	3	22	0	3	135	0	154	0	0	77	44	0	0	0	1	5
635	Ines Čeh	7	99	8	13	567	160	682	0	8	209	290	16	64	8	11	3
636	Mirjam Bonačić	2	28	0	1	284	0	106	0	0	92	16	0	6	0	0	0
637	Matjaž Juršič	6	71	7	8	664	104	448	4	4	143	169	3	37	10	3	7
638	Eva Zupančič	2	6	0	1	44	0	14	0	0	1	6	0	0	0	0	5
639	Borut Sluban	2	33	0	1	267	0	316	0	0	96	25	0	4	0	0	7
640	Aneta Trajanov	4	65	3	3	453	72	518	1	4	115	77	0	19	3	0	7
641	Elena Ikonomovska	1	28	0	0	193	0	305	0	0	73	0	0	0	0	0	7
642	Jana Krivec	8	92	14	14	568	300	1061	0	3	170	278	39	30	6	11	7
643	Aleš Tavčar	1	41	0	0	244	0	732	0	0	88	0	0	0	0	0	0
644	Aleksandra Rashkovska	2	16	0	1	107	0	76	0	0	16	16	0	0	0	0	0
645	Jernej Huber	0	0	0	0	0	0	0	0	0	0	0	0	0	0	0	5
646	Jaka Bobnar	2	6	0	1	6	0	0	0	0	6	0	0	3	0	0	0
647	Anže Žagar	1	4	0	0	4	0	0	0	0	6	0	0	0	0	0	0
648	Minja Zorc	1	7	0	0	146	0	13	0	0	8	0	0	0	0	0	5
649	Andrej Panjan	0	0	0	0	0	0	0	0	0	0	0	0	0	0	0	0
650	Sašo Pečnik	2	39	0	1	91	0	347	0	0	56	27	0	6	0	0	0
651	Matej Babič	0	0	0	0	0	0	0	0	0	0	0	0	0	0	0	8
652	Damjan Kužnar	3	50	2	1	363	54	494	0	2	123	26	1	8	0	0	7
653	Bojan Klemenc	9	40	7	29	335	156	189	0	0	46	126	21	19	7	56	5
654	Ivica Slavkov	4	48	2	4	343	22	415	0	1	76	84	1	18	2	1	7
655	Miha Mlakar	1	22	0	0	196	0	195	0	0	36	0	0	0	0	0	7
656	Matej Hertiš	3	22	0	3	135	0	154	0	0	77	44	0	0	0	1	5
657	Vida Groznik	5	47	0	10	358	0	399	0	0	107	166	0	11	0	10	7
658	Neli Blagus	8	22	0	28	252	0	27	0	0	22	114	0	20	0	56	5
659	Jan Božnik	0	0	0	0	0	0	0	0	0	0	0	0	0	0	0	5
660	Simon Gangl	1	14	0	0	58	0	64	0	0	27	0	0	0	0	0	3
661	Davor Sluga	1	3	0	0	21	0	0	0	0	3	0	0	0	0	0	7
662	Božidara Cvetković	4	54	0	6	353	0	666	0	0	76	128	0	17	0	4	7
663	Aleš Zemljak	1	6	0	0	63	0	5	0	0	10	0	0	0	0	0	1
664	Rok Tavčar	0	0	0	0	0	0	0	0	0	0	0	0	0	0	0	1
665	Nika Oman	0	0	0	0	0	0	0	0	0	0	0	0	0	0	0	7
666	Gregor Jošt	1	9	0	0	100	0	15	0	0	21	0	0	0	0	0	3
667	Tomaž Kos	3	31	0	3	211	0	235	0	0	80	52	0	5	0	1	3
668	Slavko Žitnik	8	22	0	28	252	0	27	0	0	22	114	0	20	0	56	5
669	Anže Vavpetič	3	33	0	3	297	0	290	0	0	92	54	0	6	0	1	7
670	Nejc Trdin	1	30	0	0	221	0	337	0	0	98	0	0	0	0	0	0
671	Andrej Dobrovoljc	0	0	0	0	0	0	0	0	0	0	0	0	0	0	0	0
672	Inna Novalija	1	23	0	0	161	0	211	0	0	42	0	0	0	0	0	7
673	Vedrana Vidulin	3	68	1	2	441	25	876	0	2	103	75	0	16	1	0	7
674	Jernej Ule	3	30	0	3	251	0	200	0	0	52	42	0	9	0	1	7
675	Nataša Pržulj	0	0	0	0	0	0	0	0	0	0	0	0	0	0	0	0
676	Grega Milčinski	5	3	3	7	0	3	0	0	0	0	7	3	1	3	4	0
677	Sašo Moškon	0	0	0	0	0	0	0	0	0	0	0	0	0	0	0	7
678	Metka Bakan Toplak	0	0	0	0	0	0	0	0	0	0	0	0	0	0	0	5
679	Alenka Ribič	0	0	0	0	0	0	0	0	0	0	0	0	0	0	0	5
680	Franc Brcar	0	0	0	0	0	0	0	0	0	0	0	0	0	0	0	5
