mS#id1	mS#id2	mD#data	C#e2v-0	C#e2v-1	C#e2v-2	C#e2v-3	C#e2v-4	C#e2v-5	C#e2v-6	C#e2v-7	C#e2v-8	C#e2v-9	C#e2v-10	C#e2v-11	C#e2v-12	C#e2v-13	C#e2v-14	C#e2v-15	C#e2v-16	C#e2v-17	C#e2v-18	C#e2v-19	C#e2v-20	C#e2v-21	C#e2v-22	C#e2v-23	C#e2v-24	C#e2v-25	C#e2v-26	C#e2v-27	C#e2v-28	C#e2v-29	C#e2v-30	C#e2v-31	cD#class
4	19	train	0.06831723	0.046296064	0.008042711	0.05991243	0.038994905	0.10721772	0.16425076	0.04440535	0.0021237072	0.13159202	0.03088498	0.012556511	0.031548247	0.03314103	0.055641893	0.021972166	0.009871999	0.0010896921	-0.0050564017	-6.1694656e-05	0.033097543	0.1367377	0.4312883	0.014340694	0.07095097	-0.00051336945	0.13224547	0.010205857	0.002433379	0.18764605	0.10468398	0.009255388	1
11	28	train	0.0840511	0.20110855	0.17810954	0.053502325	0.004699787	0.0010427758	0.009927862	0.00616733	0.0035619934	0.023306886	0.05226704	0.104790755	-2.2046168e-05	0.068921246	0.0040947343	0.07913383	0.009966849	-0.0003883579	0.038043316	0.033358544	0.0195727	0.14966519	0.16645074	0.0077952067	0.0030781918	0.047589533	0.07178265	0.0432853	0.024640726	0.042664737	0.0053324723	0.002621233	1
15	30	train	0.11419354	0.006624676	0.39203417	0.010369044	0.007164037	0.059749395	-0.0018389019	0.00042831004	0.0006716704	0.06786697	0.032905452	-0.0019317586	0.057465922	0.2171448	-0.0017425219	0.04314007	0.10172455	0.009830146	0.017488929	0.060300045	0.0074006226	0.08374237	0.090350404	0.1187726	0.00914652	0.045152567	0.10863927	0.05042083	0.01270082	0.015789438	0.0014199284	-0.0019093571	1
11	27	train	0.08417269	0.24107556	0.0877021	0.08744133	0.005385987	0.0022384527	0.027744189	0.012906095	0.003913822	0.013080819	0.04913575	0.12516306	-3.7208833e-06	0.020355847	0.00745064	0.097704805	0.0015047942	-0.00015897666	0.030611156	0.0229268	0.020013083	0.1286376	0.24485864	0.0033762243	-7.546152e-05	0.02952168	0.06652071	0.03629456	0.021408685	0.085220516	0.030444235	0.0018280809	1
13	28	train	0.076011546	0.12338334	0.24667032	0.032025658	0.00713715	0.00076464086	0.009459262	0.00050271145	-0.0044879136	0.037817754	0.028607408	0.049770456	0.011706423	0.1167479	0.00089123327	0.050496608	0.071972825	0.0020643054	0.014651582	0.06594164	0.016057763	0.17939992	0.11826974	0.05376925	0.016839387	0.07858977	0.07341111	0.023848483	0.030446112	0.039158035	0.0038317316	0.0044464776	1
13	27	train	0.0761215	0.14790376	0.1214618	0.052341018	0.00817922	0.0016414002	0.026434647	0.0010520017	-0.0049311984	0.021224936	0.026893552	0.059446305	0.0019757734	0.034481417	0.001621658	0.062347054	0.010866453	0.0008450359	0.011789242	0.045320645	0.01641906	0.15419465	0.1739816	0.023288291	-0.0004128156	0.048752356	0.0680298	0.019996865	0.0264526	0.07821606	0.021876184	0.0031010294	1
5	25	train	0.0739044	0.036420956	0.21466035	0.0008202832	-0.0053343102	0.17259468	0.042276908	-0.0028032681	0.011875929	0.042298097	0.057189424	0.017019296	0.16407225	0.043826498	-0.0040858435	0.002733493	0.059027117	0.033570956	0.007341845	0.009810125	0.010019757	0.10183908	0.19836877	0.11991655	0.0016646662	0.036978763	0.14789225	0.0040503554	-2.106796e-05	0.051876627	0.04418439	0.011955546	1
6	23	train	0.06482038	0.038411748	0.048429158	0.027216058	-0.0031995855	0.1559943	0.115660205	0.022811528	0.00048958167	0.11112746	0.08142251	0.0019102932	0.006080576	0.008253307	0.037452664	0.013425747	0.0010534235	0.014621823	0.0002663476	0.020409793	0.030985018	0.07730047	0.4198328	0.011066244	0.08249029	0.010238365	0.112963535	0.0068307673	0.002049862	0.21770146	0.08753831	0.03322622	1
2	26	train	0.046354778	0.03063341	0.06356428	0.054083493	-0.021243874	0.069105215	0.06633332	0.013785089	-2.9660809e-05	0.0050841216	0.038281325	0.013256475	0.0034902343	-0.0029527866	0.02931894	0.018657757	-0.0038684383	0.014051699	-0.0016506588	-0.0024941782	0.030993164	0.078828916	0.36692008	0.016271645	0.032806225	0.018949395	0.09790964	0.0042213467	0.003699521	0.16383936	0.085090056	0.020694181	1
3	23	train	0.06892854	0.048706826	0.029990707	0.05602722	0.017038655	0.08849475	0.15341552	0.017574731	-0.00068585825	0.1137505	0.049031183	0.015766097	0.019415723	0.019324835	0.026230402	0.0179972	-0.0068786102	-0.0004318313	-0.0067627477	0.001318855	0.037758294	0.12845795	0.41947767	0.014846449	0.06345485	5.6602446e-05	0.10444136	-5.0248424e-08	0.0036132853	0.18115927	0.06796098	0.027152108	1
10	25	train	0.050115205	0.015726376	0.32512206	-0.00011043629	0.025149638	0.10003332	0.01213619	0.017654665	0.010477217	-0.010621689	0.035004303	0.012511921	0.17946556	0.14594053	0.0065982593	0.0065930076	0.086043164	0.050102964	0.007710723	-0.011834238	0.004416291	0.10551421	0.12975463	0.2073478	-0.0016091891	0.114188865	0.12999325	0.040322598	0.00036023097	0.038501505	0.036238547	0.002291904	1
4	22	train	0.058706157	0.092978425	0.008065583	0.07716107	0.06506076	0.09027114	0.18814021	0.031971686	0.0039360337	0.12158613	0.01566668	0.027894093	0.02081905	0.026784003	0.04792749	0.035360176	0.012440952	-0.00512556	0.0077312705	0.0013329908	0.05409397	0.1437789	0.4443017	0.0073840017	0.048887327	0.0029790357	0.10751688	0.011202039	0.01408049	0.16572791	0.077558964	0.006771191	1
3	26	train	0.06885259	0.09063735	0.03498383	0.061032265	-0.02685846	0.031794976	0.098069526	0.016209321	8.010959e-05	0.0052580032	0.052360233	0.04556089	0.0020623046	-0.002589905	0.022966562	0.045844387	-0.0023943463	-0.00041197307	0.002589854	-0.00022325305	0.029777344	0.117620245	0.35075742	0.013146876	0.02553114	0.00013307421	0.08143331	-1.3058683e-07	-0.011538464	0.14193222	0.06726132	0.010941352	1
14	28	train	0.1163673	0.14402214	0.25493103	0.028875172	0.002066283	0.0007253848	0.013927831	-0.0032995613	0.004478966	0.079073936	0.035112802	0.023305044	0.00742868	0.17224362	0.00021204649	0.05874745	0.08738017	8.316649e-05	0.08410621	0.13717568	0.022613978	0.18982728	0.10729608	0.056998715	0.009861245	0.029037932	0.07499182	0.031154659	0.0051101297	0.013235067	0.0025488068	-0.007521191	1
4	23	train	0.062133335	0.04678797	0.019095546	0.052174136	0.018027518	0.1272844	0.16983558	0.04092445	-0.00030898035	0.14516538	0.076965764	0.007406701	0.013677176	0.032415804	0.033561107	0.014849505	0.009612955	0.0053146416	-0.0036889012	-0.0041627376	0.05184489	0.1209707	0.43635932	0.00974485	0.08050762	-0.0012493617	0.12056391	0.0049349805	0.004342927	0.2123125	0.090678036	0.025673307	1
4	24	train	0.04066768	0.06913337	0.022982756	0.037218597	0.0147351725	0.050482653	0.11884745	0.027462399	3.50742e-05	0.07274558	0.035553183	0.017094588	0.01731127	-0.018984007	0.050701626	0.00855081	-0.0010969662	0.0055683414	-0.0027716204	0.0028800284	0.025833765	0.13728504	0.37129107	0.026161622	0.021496	-0.0028660083	0.110258065	0.012560977	-0.006215205	0.15813243	0.050529078	0.014726194	1
7	24	train	0.020208854	-0.02654487	0.101739995	0.013096908	-0.0036629157	0.047954228	0.07049399	0.014018095	-0.000100892496	0.042275887	0.017466221	-0.002923965	0.050681934	0.010103174	0.059197325	0.001309513	0.0033385176	0.01987587	0.009141108	0.00054592144	0.008804454	0.116190605	0.31080046	0.09390714	0.0086079035	0.03703799	0.107099906	0.019401928	0.0074731563	0.15768576	0.023819186	0.017877672	1
6	26	train	0.06474895	0.071479484	0.056492075	0.029647334	0.005043587	0.056046657	0.07393478	0.02103926	-5.7184097e-05	0.0051367553	0.086950816	0.005520368	0.00064586836	-0.0011061041	0.03279244	0.034199495	0.00036668172	0.013949424	-0.00010200017	-0.0034549276	0.02443573	0.070778795	0.35105437	0.009799417	0.03319007	0.02407073	0.088078074	0.017751966	-0.006545915	0.17056182	0.0866371	0.013389007	1
14	30	train	0.120218076	0.0340846	0.32233593	0.015651643	0.002867437	-0.011361386	-0.0029110233	0.00020331747	-0.0009078304	0.08733118	0.025361603	0.007554889	0.033530403	0.25457084	0.00010544163	0.042445764	0.1743516	0.00028768159	0.02513953	0.13213539	0.015334077	0.17872365	0.0788629	0.13858439	0.017675491	0.035172876	0.09559443	0.031780683	0.006979985	0.0083065955	0.0007307969	-0.009992984	1
2	23	train	0.046405915	0.016461827	0.05449197	0.049648292	0.013476835	0.1923401	0.10376883	0.014946293	0.00025394102	0.109988794	0.03584741	0.0045873313	0.032859072	0.022032516	0.033485536	0.0073245033	-0.011113463	0.014729029	0.0043102773	0.014734219	0.03929998	0.08609233	0.4388069	0.018375175	0.08153628	0.00806003	0.12557289	0.0016243294	-0.00115851	0.20912106	0.08597517	0.051354773	1
1	22	train	0.034276903	0.08122788	0.012959472	0.08929258	0.05687831	0.09027205	0.18398874	0.0276501	0.00865481	0.08290627	0.010367646	0.06027692	0.022903686	0.01533166	0.047907658	0.03709286	0.0012678173	-0.0008513926	0.004438959	0.0036799596	0.0481155	0.121680096	0.43511698	0.013445288	0.02494098	0.004708229	0.08889607	0.01716104	0.011062213	0.16028765	0.078917824	0.0031498268	1
3	20	train	0.09845966	0.05330789	0.029405853	0.06423368	0.05536014	0.07526595	0.124655575	0.015408764	0.0013010919	0.10903343	0.04460675	0.0017529777	0.036768354	0.024136411	0.022313938	0.020703817	-0.0030091796	-0.00011625675	0.011817796	0.0006465443	0.03997499	0.17034286	0.3720625	0.00094084133	0.05851862	5.2326297e-05	0.10543621	-3.1563467e-08	0.004535386	0.13238859	0.0377572	0.027834825	1
13	26	train	0.06344443	0.096522145	0.12652372	0.04968198	0.03590398	-0.009354307	0.03729982	0.0010586936	-0.00011233588	-0.0025391167	0.03490824	0.039702997	0.002225689	0.0069473856	0.0021046305	0.04406163	-0.012921077	0.00663868	0.0012776592	0.004570447	0.018468793	0.124265686	0.19440833	0.024911936	-0.01747676	0.038650703	0.07344623	0.020779252	0.033431865	0.09918503	0.05397851	0.0056193788	1
4	21	train	0.07440448	0.016345652	0.018827794	0.034602057	0.042353977	0.12348405	0.17510372	0.04028072	-0.0021108154	0.14789969	0.06788359	0.00073782593	0.021077933	0.016221307	0.017714746	0.013935293	-0.0043500974	0.0017953321	0.002196641	-0.0073145013	0.04318941	0.15108015	0.37692887	0.015423537	0.06726373	-0.00053384644	0.14877844	0.0065336823	0.013419921	0.1978321	0.054815777	0.027028767	1
3	24	train	0.045115296	0.07196865	0.036095805	0.03996721	0.013926904	0.035098173	0.107357025	0.0117935445	7.785586e-05	0.05700289	0.022649221	0.036387987	0.024574574	-0.011317405	0.03962694	0.010363351	0.0007849411	-0.00045244518	-0.0050811255	-0.00091246195	0.018814562	0.14578204	0.35692674	0.039857686	0.016942812	0.00012984478	0.09551368	-1.2789702e-07	-0.005171007	0.13492921	0.03787031	0.015574433	1
6	21	train	0.077622205	0.013419371	0.047750097	0.018049778	-0.0075171283	0.15133676	0.11924787	0.02245271	0.0033446027	0.11322064	0.071814425	0.00019029577	0.009370792	0.004130067	0.019768849	0.012599189	-0.00047669993	0.0049393787	-0.00015860281	0.035862807	0.025812082	0.09654044	0.36265317	0.017514957	0.06892024	0.0043748054	0.13939941	0.009043615	0.0063342033	0.20285352	0.05291778	0.03498045	1
12	27	train	0.11458061	0.26637685	0.10147865	0.056085944	0.0010191445	0.008212171	0.041222386	0.003841224	0.0054550916	0.036570087	0.03252757	0.076832324	0.0020679887	0.050234977	0.0043197107	0.05749558	0.015207497	-0.0010747976	0.0628376	0.099276185	0.021555029	0.2342737	0.13178839	0.028676856	-0.00065547513	0.03738139	0.07002952	0.023071392	0.017255604	0.019638302	0.0020854003	-0.0039391997	1
13	25	train	0.069070585	-0.045281474	0.26039022	0.0010514854	0.023143727	-0.024368322	0.022327831	0.0007681927	0.0046716235	-0.025887359	0.0406959	-0.031785835	0.06625942	0.10704806	0.0018150936	0.014324733	0.0657393	0.01647267	-0.002825037	-0.013002069	0.008589834	0.1359652	0.12998797	0.11146352	-0.0012739056	0.0766789	0.10376012	0.027087852	0.00057584274	0.036997963	0.041265365	0.0037686112	1
9	26	train	0.05228674	0.01858761	0.108602226	0.028098237	0.029709881	0.05908157	0.0536622	0.020059194	-0.00010152441	0.0029849443	0.079553895	-0.0023909362	0.0020278466	0.0009519513	0.022076448	0.03192945	-0.004242347	0.022302533	-0.0021603752	-0.0037896181	0.014373854	0.084922455	0.2747765	0.012855869	0.012973784	0.040394392	0.08916745	0.022903306	0.015672417	0.16467506	0.07634251	0.018651875	1
4	26	train	0.062064867	0.08706659	0.022274742	0.056834977	-0.028417232	0.045731578	0.10856592	0.037744958	3.6089514e-05	0.006710124	0.082191475	0.021403894	0.0014527662	-0.0043443497	0.029385107	0.037826244	0.0033461328	0.0050702426	0.0014126973	0.0007046597	0.040886465	0.110764675	0.36487347	0.008629292	0.03239234	-0.0029372904	0.09400412	0.012825147	-0.013868461	0.16633974	0.089744516	0.010345446	1
1	23	train	0.036277935	0.04087494	0.030681996	0.060377114	0.015760265	0.12728567	0.166088	0.035392724	-0.0006794063	0.098984316	0.050933175	0.016005293	0.015046689	0.018555408	0.033547215	0.015577147	0.0009796253	0.0008828004	-0.0021180063	-0.011491981	0.046114985	0.10237752	0.42733878	0.017744081	0.041072793	-0.001974559	0.0996835	0.0075601772	0.0034119827	0.20534302	0.092266746	0.011942725	1
15	26	train	0.09226068	0.021898083	0.15903509	0.029675921	0.025969971	0.0466686	0.03469332	-0.014638324	-8.2947496e-05	-0.004125812	0.0555912	-0.004753641	0.0024206026	0.008742915	-0.00827526	0.052099537	-0.009152566	0.009139113	0.005102284	0.004338849	0.012552815	0.06160995	0.202061	0.022632917	-0.0052960343	0.01833292	0.085266	0.043066435	0.010210287	0.06372282	0.069764175	-0.0018161463	1
14	29	train	0.26355228	0.024671456	0.37356228	0.032071985	-0.0011036753	-0.024401795	0.03847263	0.016145116	0.0015209559	0.17756446	0.017467367	-0.007881782	0.0013327915	0.26502264	-0.000693607	0.046993457	0.1332254	-0.000118635355	0.17814669	0.17538513	0.022829233	0.02718263	0.13805525	0.09746202	-0.01053799	-0.007686908	0.1293867	0.041566145	0.00020487075	0.007050046	0.027030272	0.012457434	1
12	28	train	0.11441509	0.22221524	0.2060876	0.03431705	0.00088930083	0.0038256126	0.014750844	0.001835574	0.004964712	0.065159135	0.034600466	0.06432662	0.012252796	0.17008664	0.002374033	0.04656726	0.100725286	-0.0026255813	0.0780941	0.14444707	0.021080714	0.272569	0.08958751	0.06621066	0.026737843	0.060259536	0.075569004	0.027515199	0.019860659	0.009831705	0.00036526908	-0.005648306	1
7	25	train	0.033576686	0.015683321	0.2029341	0.00042328105	0.004553488	0.11316572	0.038547438	0.013980071	0.0043171924	0.039757747	0.04707279	0.0029310053	0.12662025	0.035624776	0.029589025	0.0018833097	0.05181195	0.04490671	0.010302043	-0.00037998514	0.006480977	0.10257124	0.20421976	0.13859078	0.00094549335	0.075307004	0.12899905	0.025824295	0.00028722367	0.06187273	0.032341357	0.008422921	1
13	31	train	0.08352432	0.11740645	0.26016438	0.017815001	-0.023485562	0.008205132	0.01178761	0.00071558217	-0.013514598	0.047284875	0.010185697	0.05086355	0.02306756	0.15644859	0.0007298214	0.042361397	0.12689006	0.00042508653	0.012194993	0.10431681	0.016486898	0.21152757	0.11072736	0.11737072	0.021695647	0.07185063	0.07971641	0.02140934	0.014519675	0.0443297	-0.018276947	-0.00038835025	1
16	27	train	0.07566197	0.26662973	0.069181755	0.08374729	0.005518165	0.0009209752	0.021729307	0.02498441	0.005061845	0.0010343054	0.058171563	0.13155298	-0.0013425606	0.010497486	0.025272163	0.093993776	-0.0007085304	-4.8958344e-05	0.030401682	0.011774739	0.024100676	0.12204853	0.27057803	0.0032014125	4.6178917e-05	0.0446885	0.066491015	0.035998736	0.017621102	0.09669014	0.020215321	0.002119968	1
2	24	train	0.030373726	0.024323806	0.0655847	0.03541678	0.011015575	0.076284595	0.072615296	0.010029727	-2.8826358e-05	0.055117816	0.016559174	0.0105875125	0.04158989	-0.0129031325	0.05058746	0.004217678	0.0012681942	0.015432134	0.0032384854	-0.010194005	0.019582767	0.097702906	0.3733737	0.04933112	0.021770656	0.018489532	0.11483888	0.004134396	0.0016579548	0.15575543	0.047908466	0.029457068	1
14	31	train	0.12786873	0.13704546	0.268877	0.016062472	-0.0067993267	0.007783886	0.017356094	-0.004696745	0.013487654	0.09886894	0.01250195	0.023816887	0.014638248	0.2308159	0.0001736426	0.049282998	0.15405361	1.7125834e-05	0.07000436	0.21700595	0.023218324	0.2238223	0.10045352	0.12442019	0.012705101	0.026547905	0.081432894	0.027968265	0.0024370078	0.014983044	-0.012157534	0.0006568922	1
9	23	train	0.05234442	0.009988636	0.09310181	0.025793998	-0.018847559	0.16444135	0.083946705	0.021748904	0.00086920126	0.064575635	0.074495874	-0.0008273705	0.019091316	-0.0071030804	0.025213795	0.012534591	-0.012187649	0.023377573	0.0056412728	0.022386957	0.018226348	0.09274734	0.32861057	0.01451782	0.03224492	0.017181551	0.114360705	0.008812949	-0.0049078385	0.21018775	0.07713663	0.046286575	1
9	25	train	0.05692345	-0.008720013	0.22350718	0.00059468014	0.01915101	0.1539097	0.032122422	0.014555039	0.0042220154	0.030432757	0.09274364	0.0019141602	0.0603696	0.014668041	0.019039363	0.010380479	0.02158403	0.055339653	0.0047768145	0.010780756	0.006685278	0.09291783	0.18372482	0.057521034	0.00094567746	0.0801382	0.12597005	0.029856771	0.0002699475	0.061427034	0.058362145	0.012508796	1
13	30	train	0.07852688	0.029200176	0.31189105	0.017359348	0.009904417	-0.0119762365	-0.0019770581	-3.0976847e-05	0.000909644	0.04176685	0.020662826	0.016134286	0.0528386	0.17254987	0.0004431721	0.036484428	0.143609	0.007140649	0.00437939	0.063518725	0.010888441	0.16890621	0.08692857	0.13073239	0.03018325	0.0951937	0.09357944	0.024327695	0.041586697	0.024576372	0.0010986386	0.0059077847	1
8	24	train	0.033186685	0.10522633	0.08306596	0.0325952	-0.0025294877	0.009759242	0.055074465	0.008201819	5.9652975e-05	0.013815314	0.030191306	0.052730702	-0.006201189	0.006276561	0.062648	0.012475406	0.00051189854	0.001637893	-0.003048186	0.0021940914	0.01469866	0.10777737	0.3269695	0.025942376	0.0056981854	0.025856609	0.09614803	0.027408825	0.0069365725	0.12748173	0.0345524	0.0065278993	1
10	30	train	0.056976363	-0.010141299	0.38942575	-0.0018232322	0.010762852	0.049163118	-0.0010746209	-0.0007119123	0.002040091	0.017137108	0.017772993	-0.0063509718	0.1431149	0.23524031	0.0016110268	0.016792083	0.18796326	0.021718863	-0.01195321	0.057813544	0.005598074	0.1310777	0.086772524	0.24319233	0.038127277	0.14176078	0.11723864	0.036213867	0.026015462	0.025575118	0.0009648059	0.0035928555	1
14	24	train	0.06364268	0.08946144	0.13491715	0.029333895	-0.0053899037	-0.009795995	0.06012144	-0.00505577	0.000108957865	-0.05755676	0.018533891	0.014847984	0.016830036	0.04478974	0.0008639928	0.011587813	0.0051427227	0.00029373338	-0.014389417	0.03885916	0.016433824	0.1629707	0.17947225	0.08006231	-0.0067917495	0.013934379	0.088000506	0.026586013	0.0025147095	0.03186958	0.020216044	-0.013530072	1
12	30	train	0.118201256	0.05258995	0.26057807	0.018601386	0.001234107	-0.059918903	-0.003083039	-0.000113107235	-0.0010062851	0.07196333	0.024991548	0.020853017	0.05530474	0.25138292	0.0011805048	0.033645425	0.20097943	-0.009082162	0.023342498	0.13913961	0.014294402	0.25662553	0.06584705	0.16098194	0.047925442	0.07299078	0.09633018	0.02806809	0.027127903	0.0061705764	0.00010473038	-0.007504586	1
1	27	train	0.04347881	0.11655387	0.034358326	0.06929088	-0.005659508	-0.008024599	0.07524365	0.03243667	0.0034834829	-0.038247023	0.04190349	0.06925213	0.001418773	-0.0123424735	0.022632418	0.056146737	-0.00028677104	0.00010720392	0.0074842838	0.01929002	0.03233147	0.11631716	0.31978554	0.014688709	0.00039035056	-0.0058555403	0.07199171	0.018907795	-0.008621053	0.12686746	0.037008516	0.0026557574	1
2	20	train	0.066287644	0.018016884	0.053429313	0.056920413	0.04378746	0.1635878	0.08431587	0.013104262	-0.00048173306	0.10542771	0.03261264	0.00051004946	0.06222658	0.02751826	0.028485805	0.008426043	-0.004861797	0.0039653196	-0.0075321426	0.0072231786	0.041607186	0.11416354	0.3892069	0.001164462	0.075193465	0.007451118	0.12676904	0.0010203199	-0.0014541587	0.15282267	0.04776537	0.052646045	1
18	29	train	0.43192956	-0.0016109223	0.6711891	0.043739587	-0.00011616852	0.23209344	0.037592895	0.21572936	0.00048371791	0.36003065	0.025468405	0.0131303	-0.00077511295	0.36733603	0.061696444	0.07282657	0.10346612	0.0042244354	0.39374986	0.15565734	0.02879202	0.0026366194	0.19698457	0.045697436	0.0181226	0.021300206	0.22181855	0.08478039	-0.000798423	-0.00071528606	0.082456715	0.02490831	1
2	19	train	0.05102452	0.016288754	0.022951066	0.05701196	0.029151425	0.16201724	0.100356534	0.016217576	-0.0017454067	0.09970454	0.014384923	0.0077768597	0.07579388	0.022525443	0.055516604	0.010837749	-0.011412942	0.0030199792	0.005908126	0.00021837134	0.025088929	0.097313374	0.43370745	0.027041234	0.07185753	0.0033119095	0.13773978	0.003359218	-0.0006491229	0.18482539	0.09925471	0.018513719	1
3	22	train	0.06512655	0.09679164	0.012667486	0.08285946	0.061491977	0.0627612	0.16995041	0.013730027	0.008737	0.09527399	0.009980489	0.0593761	0.02955412	0.01596741	0.037458763	0.04285558	-0.008902201	0.0004164678	0.014173497	-0.00042232344	0.039396286	0.15267782	0.4271128	0.011249655	0.03853223	-0.00013496548	0.09313906	-1.1406019e-07	0.011714869	0.14141017	0.058128554	0.007161217	1
3	21	train	0.08254172	0.017016016	0.029570187	0.037157435	0.040030733	0.085852556	0.1581743	0.017298287	-0.0046854764	0.115893096	0.043245364	0.0015705556	0.029921621	0.009670409	0.01384534	0.0168892	0.0031127397	-0.00014587636	0.0040270337	0.0023174093	0.031454563	0.16043095	0.3623464	0.023498027	0.053016227	2.4185962e-05	0.12888287	-6.652655e-08	0.01116528	0.16880362	0.04108309	0.028585644	1
12	31	train	0.12572357	0.21145076	0.21736158	0.019089641	-0.0029263403	0.0410515	0.018381687	0.002612839	0.0149503965	0.081470765	0.012319532	0.06573941	0.024144191	0.22792542	0.0019440702	0.039065085	0.17758143	-0.00054066576	0.06500029	0.22850898	0.021644086	0.32138175	0.08387427	0.14452855	0.03444869	0.055092234	0.08205965	0.024701037	0.009471498	0.011130195	-0.0017422942	0.00049331656	1
3	27	train	0.082610294	0.1388863	0.033584207	0.064298786	-0.0061185774	-0.0055790637	0.06950257	0.016106863	0.0035165637	-0.043952603	0.04033869	0.06821717	0.0018307352	-0.0128542725	0.017696176	0.06486965	0.0020136132	-5.2439947e-05	0.023897152	-0.002213782	0.026472546	0.14594868	0.3139029	0.012290023	0.00060306676	0.00016785416	0.07542786	-1.2566993e-07	-0.0091296835	0.11192597	0.027259387	0.006037937	1
6	24	train	0.04242641	0.056756765	0.058287703	0.019414667	-0.0026152488	0.06186937	0.08093663	0.015307702	-5.5575332e-05	0.055688426	0.03761191	0.004408937	0.0076962146	-0.0048334706	0.056580704	0.0077309655	-0.000120209654	0.015319811	0.00020011773	-0.014120703	0.015439509	0.08772535	0.3572289	0.02970912	0.022025382	0.023486584	0.103307374	0.017386312	-0.0029335772	0.1621462	0.048779503	0.01905854	1
14	32	train	0.13573948	0.14914075	0.29686987	0.01561931	-0.012515813	0.0048896563	0.007599252	0.000183006	0.016943462	0.12212374	0.0045510703	0.029150547	0.009383776	0.24186075	0.00036309057	0.04265998	0.15870489	-6.2666244e-05	0.10616058	0.25411516	0.025923518	0.20034166	0.10635024	0.13466664	0.017357398	0.028459473	0.087108865	0.022001209	0.002664842	0.014591297	-0.018870864	-0.0053674006	1
2	21	train	0.05557094	0.005751036	0.0537279	0.03292691	0.03166257	0.18659738	0.10698764	0.014711192	0.0017348112	0.112060525	0.031617317	0.00045697158	0.050639205	0.011025369	0.017674858	0.0068735695	0.0050291144	0.0049755936	-0.0025666538	0.025890045	0.032738864	0.107520595	0.3790431	0.029083073	0.06812317	0.0034440132	0.15495963	0.0021505358	-0.0035798692	0.19485834	0.051972844	0.054066125	1
11	26	train	0.07015479	0.15732616	0.09135708	0.08299912	0.023642637	-0.012756899	0.039147608	0.012988193	8.9159395e-05	-0.0015648445	0.063778944	0.08359391	-4.1915373e-06	0.0041013374	0.009669636	0.06904951	-0.0017893201	-0.0012489354	0.0033174842	0.002312097	0.02251149	0.10366922	0.27360684	0.0036116126	-0.0031947016	0.023404686	0.071816996	0.037714608	0.027057162	0.108067304	0.07511979	0.0033126674	1
1	24	train	0.023744734	0.060396347	0.036927816	0.04307022	0.012881985	0.05048316	0.116224974	0.02375033	7.7123455e-05	0.049603228	0.023527818	0.036940046	0.019044667	-0.0108667975	0.05068064	0.008969809	-0.00011178829	0.0009249418	-0.0015913438	0.007950833	0.022978613	0.11618435	0.36361563	0.047636848	0.010966673	-0.0045295944	0.09116252	0.019242875	-0.004882921	0.15294151	0.051414363	0.0068503395	1
5	21	train	0.081381164	-0.014574996	0.08816289	0.023596395	0.012333888	0.1788991	0.1139109	-0.004122902	0.016702732	0.09144342	0.040516417	-0.00073281175	0.079962105	-0.01062039	-0.0028560525	0.0030975253	0.015082769	0.004790684	-0.0051630465	0.03579531	0.022756668	0.12695332	0.30648	0.047902998	0.047423042	0.0033876873	0.16568285	0.0015828658	0.0011835888	0.165402	0.0353022	0.04657506	1
8	27	train	0.0607679	0.20306751	0.07728611	0.052438777	0.0011112927	-0.0015512897	0.03565502	0.011201516	0.0026943828	-0.010652424	0.053771287	0.09885514	-0.00046197078	0.0071288976	0.027976671	0.07809011	0.0013131758	0.00018983742	0.014335989	0.0053232247	0.020681374	0.107900575	0.2875567	0.00799927	0.00020282267	0.0334256	0.07592881	0.02693155	0.012246883	0.10574817	0.024871124	0.0025307531	1
15	25	train	0.100442216	-0.010273058	0.32729974	0.00062807073	0.01674026	0.121573456	0.02076757	-0.0106216315	0.003449472	-0.042064384	0.06480802	0.0038057184	0.07206206	0.13471428	-0.0071368217	0.016937912	0.04656603	0.022677036	-0.011281679	-0.012343216	0.0058383127	0.06741048	0.13510479	0.1012665	-0.0003860354	0.03637057	0.120458335	0.056141444	0.00017586575	0.023769865	0.053333156	-0.0012179904	1
16	26	train	0.06306142	0.17400284	0.07206491	0.07949275	0.024222855	-0.0052486197	0.03066049	0.02514334	0.0001153121	-0.00012373285	0.075507574	0.087861605	-0.001512381	0.0021150548	0.032798875	0.066426866	0.0008424991	-0.00038462126	0.0032947825	0.0011874461	0.027109371	0.09835908	0.30234587	0.003424613	0.001955008	0.03542889	0.071784936	0.03740721	0.022270262	0.12261182	0.049880408	0.003841596	1
15	29	train	0.25034478	0.0047951397	0.45433712	0.021247342	-0.002757435	0.12832876	0.02430327	0.03401142	-0.0011252995	0.13798922	0.022663062	0.0020153439	0.0022841985	0.22606	0.011462507	0.047762148	0.07772967	-0.004053797	0.1239321	0.08003708	0.011017979	0.012736636	0.15816498	0.08352902	-0.005453084	-0.009867934	0.14704283	0.06594571	0.00037278398	0.0134009505	0.05251945	0.002380239	1
15	28	train	0.11053574	0.027992114	0.31005442	0.019129489	0.005162425	-0.0038147902	0.008798252	-0.00695088	-0.0033138227	0.061450087	0.04555716	-0.0059590177	0.012731609	0.14692101	-0.0035042674	0.05970841	0.05098151	0.002841818	0.058510542	0.06260018	0.010914092	0.08894507	0.1229253	0.048850276	0.005102889	0.03727694	0.085225224	0.04942763	0.0092984205	0.025157632	0.0049522966	-0.0014370723	1
1	19	train	0.039888542	0.0404452	0.012922721	0.06933204	0.03409066	0.1072188	0.16062641	0.038403116	0.004669747	0.08972901	0.020438569	0.027133623	0.03470721	0.018970544	0.055618867	0.023048826	0.0010060236	0.00018100574	-0.0029031658	-0.00017031914	0.029439598	0.11572113	0.42237258	0.026112502	0.036197253	-0.0008113568	0.109341934	0.015634933	0.0019117626	0.18148628	0.10651808	0.004305427	1
8	26	train	0.050647773	0.13252208	0.080507	0.049774773	0.0048781945	0.0088407695	0.050309952	0.01127277	6.137978e-05	0.0012743381	0.069795944	0.06602337	-0.0005204054	0.0014363448	0.03630886	0.055187494	-0.0015614706	0.0014913804	0.0015536629	0.00053683075	0.023263209	0.08695722	0.32131797	0.008556974	0.008586601	0.026499702	0.08197415	0.027985262	0.015478104	0.13409822	0.061368395	0.0045859804	1
12	32	train	0.13346227	0.23011288	0.23999119	0.018562958	-0.0053866403	0.0257876	0.008048301	-0.0001018078	0.01878099	0.10063337	0.004484665	0.08046139	0.015477515	0.23883197	0.0040650945	0.033815227	0.18294308	0.0019783848	0.09857198	0.26758528	0.024165861	0.28766638	0.08879778	0.156431	0.047062963	0.059059117	0.087779306	0.019431047	0.010356981	0.010839184	-0.0027043805	-0.0040308405	1
14	27	train	0.11653564	0.17264417	0.12552942	0.047192033	0.0023679738	0.0015571319	0.038922414	-0.0069048447	0.004921367	0.044379666	0.033009212	0.027835766	0.0012537894	0.05087204	0.00038583262	0.07253419	0.013192652	3.4044704e-05	0.06767518	0.09427867	0.023122791	0.16315699	0.15783872	0.024687024	-0.00024174727	0.018013382	0.06949465	0.026123066	0.0044398513	0.026436334	0.014551689	-0.0052453736	1
2	25	train	0.05046545	-0.0143710645	0.1308175	0.0011446405	-0.013693815	0.18002169	0.039707407	0.010002521	0.0012334806	0.051834755	0.044628233	-0.010613005	0.10390531	-0.0454977	0.025285495	0.006065762	0.019681673	0.03486672	0.003649778	0.007095472	0.014414917	0.08625059	0.24533515	0.07280425	0.002391292	0.037593592	0.13832046	0.005502952	6.372191e-05	0.061115302	0.06504945	0.01387846	1
1	26	train	0.036237963	0.07606318	0.03579021	0.065770745	-0.024843302	0.045732036	0.10617031	0.032643005	7.935599e-05	0.004575451	0.05439136	0.046252113	0.0015982335	-0.0024867866	0.029372945	0.03967977	0.0003409936	0.0008422039	0.00081110926	0.001945339	0.036367685	0.09374016	0.35733068	0.015712796	0.01652569	-0.0046422523	0.077723585	0.019647572	-0.010895635	0.16087939	0.091316864	0.004812501	1
10	2	train	0.041075967	-0.009610922	0.14361235	-0.003358896	-0.03800835	0.10875084	0.022196952	0.010770913	0.0035972653	-0.01714463	0.014264982	-0.003988905	0.100890875	-0.06169815	0.009170269	0.0076416717	0.033091135	0.034038007	0.011316344	-0.02328299	0.010867143	0.081568874	0.21954551	0.1235633	-0.049179245	0.054051284	0.13646403	0.0032516832	0.0039009864	0.13079585	0.048282105	0.009958536	0
29	11	train	0.19036154	0.034450542	0.26099217	0.059425645	-0.002510324	-0.035078764	0.027423577	-0.03017742	0.0012095727	0.05233677	0.02600099	-0.035440303	-3.9553383e-06	0.10604568	-0.013393933	0.063301	0.015196096	0.0005539849	0.080580145	0.042650364	0.019759005	0.021431554	0.2141681	0.013329013	-0.0032894383	-0.012597878	0.12384976	0.05775069	0.000987874	0.022726623	0.056551237	-0.0043415776	0
4	28	train	0.074358724	0.1112964	0.043426782	0.036636572	-0.0056489017	-0.0037381956	0.027532397	0.017922863	0.0014418066	-0.099940985	0.06735617	0.026831262	0.007641093	-0.073004976	0.012443508	0.043350574	-0.018638588	0.0015765978	0.016200135	0.01016671	0.035548892	0.15990877	0.22197346	0.01862523	-0.031211	-0.0059724906	0.09395916	0.014719506	-0.012629889	0.06567057	0.006370626	0.0081861	0
19	8	train	0.055749986	0.07046618	0.029068554	0.052469935	-0.0066939923	0.020727191	0.07611457	0.0132619385	0.003611927	0.024991002	0.026227128	0.038732354	-0.011301116	-0.010957208	0.068752296	0.032056812	-0.0046067615	0.0003205262	-0.005560953	-4.700083e-05	0.018831538	0.107347675	0.3798048	0.0142205125	0.018807769	0.0046315263	0.11532164	0.02226981	-0.0027158088	0.15127473	0.07158419	0.004102774	0
28	8	train	0.06068012	0.16940172	0.15695626	0.03208547	0.0009697089	-0.0007226632	0.012758641	0.0053527765	0.0024521742	-0.018980067	0.05719799	0.082764864	-0.0027371687	0.024137171	0.015375461	0.063247345	0.008697684	0.00046374646	0.01781666	0.007745303	0.020226283	0.12553842	0.19547616	0.018469142	-0.00827345	0.053882733	0.081934944	0.032118868	0.014095777	0.052941687	0.0043563116	0.0036287745	0
19	23	train	0.0572453	0.030530969	0.021643335	0.08130485	0.018983485	0.15922758	0.1433937	0.0397207	-0.0010465756	0.13107136	0.028353445	0.01054378	0.04263644	0.0258019	0.05290004	0.011290861	0.016756749	0.0018778732	0.0047542006	0.00023048518	0.027797425	0.12564969	0.45846784	0.011452787	0.08017071	0.0015000959	0.11911637	0.012295802	0.0010897942	0.18616293	0.09846121	0.015766457	0
10	11	train	0.062165666	-0.049359486	0.20640533	-0.005154723	0.042300083	-0.020075524	0.013099866	0.010148262	-0.0108132595	0.0052769547	0.0237663	-0.025153605	-0.000121163175	0.08569699	0.0030244328	0.028280659	0.015306082	-0.0030253471	-0.022743521	0.021583272	0.007893211	0.10727258	0.16371182	0.027425792	0.004789122	0.066759564	0.10009675	0.02905138	0.028530616	0.08627203	0.04262474	0.001594135	0
28	5	train	0.08133112	-0.099240124	0.20334995	0.024983805	-0.0016450149	-0.0054157586	0.017910756	-0.0018344809	-0.011408913	-0.06179151	0.040201627	-0.02664892	0.028987562	0.04779771	-0.0020061994	0.00963593	0.06462418	0.0042070113	-0.03807725	-0.049753293	0.018730849	0.13437206	0.18048611	0.057846934	-0.022004737	0.037900284	0.10463493	0.0035659834	-0.0011139108	0.054905366	0.0041027805	0.014106011	0
6	7	train	0.03844097	-0.022364564	0.079666324	0.0070572332	0.001633794	0.09977958	0.07858208	0.013017372	0.0028577235	0.06483794	0.04357189	-0.00038912238	0.013172352	-0.00564173	0.04599481	0.004001168	-0.0018887686	0.03028582	0.00093428197	-0.0010355631	0.012573542	0.07119619	0.3305996	0.04973856	0.029233795	0.04528054	0.12182216	0.00875757	-0.0055034934	0.218816	0.043873142	0.023678923	0
15	8	train	0.08994984	0.02715995	0.18310979	0.017580768	0.005809448	0.016908534	0.028808378	-0.00529914	-0.0024508769	-0.017018363	0.04815282	-0.0060427682	-0.0060403855	0.027703615	-0.012283492	0.058069207	0.0072287396	0.0016351084	0.015584191	0.0052268095	0.010783227	0.05748586	0.20018706	0.03173545	-0.0030879267	0.024075652	0.10587312	0.030013846	0.007967955	0.06609182	0.0512482	-0.0011728079	0
27	2	train	0.05561711	0.046940487	0.061021224	0.056978106	-0.004839529	-0.012125891	0.0470109	0.013697955	-0.001302018	-0.042499095	0.029492203	0.019848589	0.0030983272	-0.014655336	0.022590805	0.026400661	0.0032533049	0.0017886373	-0.015230991	-0.024732323	0.02755343	0.09781459	0.32836735	0.015211135	0.0007749103	0.023901962	0.09068911	0.004062403	0.002927206	0.12920167	0.03448494	0.011419993	0
9	13	train	0.06385699	0.016791329	0.19651496	0.016615076	0.048915647	-0.022649297	0.033036515	0.00068197295	0.0054901205	-0.024532542	0.034464728	-0.0018276926	0.021642076	0.01459008	0.0018994709	0.02841341	0.027726233	0.017761923	-0.005426341	-0.038866807	0.009802792	0.11323436	0.16470733	0.052479874	-0.015396517	0.07737201	0.09919934	0.011851721	0.026417261	0.12632918	0.049327455	0.014758922	0
6	31	train	0.08524172	0.08694536	0.11616182	0.010630963	-0.0032991187	-0.04916133	0.023365108	0.014220657	-0.006879548	-0.09565958	0.025370937	0.007072149	0.006693931	-0.024908423	0.011371415	0.03287982	-0.0036009585	0.00089320645	-0.00097357057	-0.07885597	0.021813521	0.1204811	0.19994679	0.046169218	-0.04120215	0.044746853	0.09559739	0.018290257	-0.002842933	0.0762308	-0.029335039	-0.0009253024	0
11	18	train	0.21496698	-0.010832159	0.30696356	0.060349286	0.0011861917	-0.04412654	0.034674577	-0.03872647	0.0015303378	0.054525364	0.04944838	-0.04984692	1.650925e-05	0.12854141	-0.01760759	0.11078267	0.011026259	0.0014269368	0.10572384	0.043780796	0.027268019	0.014187238	0.21229991	0.0073279087	-0.0038181613	-0.04589839	0.1399233	0.052000888	-0.02983233	-0.0028429106	0.09849045	-0.008865356	0
20	23	train	0.07436927	0.033770103	0.050384954	0.08117429	0.028514512	0.16077109	0.12047412	0.032095455	-0.00028885537	0.13859503	0.06428125	0.00069151947	0.035004407	0.031520955	0.027143234	0.008778324	0.007138204	0.0024657014	-0.0060610278	0.007623874	0.046098925	0.14740638	0.41142672	0.00049318507	0.083892584	0.0033749086	0.10962895	0.0037346939	0.0024413462	0.15392862	0.047383506	0.04483387	0
27	20	train	0.08913095	0.096294604	0.056422103	0.09315844	-0.0102395555	-0.010135654	0.054578975	0.029414792	0.0014810323	-0.053552397	0.05288515	0.002992085	0.0033006137	-0.020966746	0.018312013	0.031640857	-0.0020896054	0.00029942542	0.021417523	-0.012797157	0.03232021	0.16747712	0.30787826	0.00040826303	0.0007973044	0.010008268	0.07917435	0.009340366	-0.0061685466	0.095102005	0.01900569	0.00996991	0
1	25	train	0.03945149	-0.03568355	0.0736575	0.0013919933	-0.01601401	0.11913367	0.063554	0.023685906	-0.0033001148	0.04664864	0.063409254	-0.03702899	0.047579885	-0.038317386	0.02533207	0.012900161	-0.0017348925	0.002089775	-0.0017934468	-0.0055341264	0.016914606	0.10256571	0.23892336	0.07030379	0.0012045809	-0.009209738	0.109802894	0.025612595	-0.00018767043	0.060011175	0.069809705	0.003227482	0
10	7	train	0.027329484	0.010488518	0.22278245	-0.0012420992	0.012638594	0.06836325	0.021548513	0.015054018	0.012590459	-0.013150093	0.015046362	0.0011016201	0.12294681	0.048309755	0.0107310265	0.002372601	0.087112315	0.04383936	0.03194207	0.0012468783	0.0048858905	0.09700363	0.18275218	0.23521613	-0.019444989	0.10827484	0.12726773	0.015259526	0.017583521	0.13241686	0.024004951	0.006043896	0
19	22	train	0.05408774	0.060672037	0.00914172	0.12024289	0.068510816	0.11292551	0.15884845	0.031031271	0.0133321	0.109781414	0.0057714544	0.03970853	0.0649001	0.021319175	0.07554478	0.026886206	0.021686349	-0.0018110633	-0.0099639455	-7.380591e-05	0.029003303	0.14934008	0.46681264	0.0086781625	0.04868274	-0.003576898	0.10622599	0.027910557	0.0035332935	0.14531596	0.08421609	0.004158315	0
9	22	train	0.04945718	0.01984971	0.039324377	0.03814711	-0.068020254	0.11662315	0.092994355	0.016991043	-0.011072566	0.054086603	0.015163926	-0.0031159283	0.029060313	-0.005869018	0.036006976	0.029847821	-0.015773086	-0.02254586	-0.01182309	-0.007168746	0.019017024	0.110234216	0.33459178	0.011000643	0.019580357	-0.040968485	0.10198496	0.020004738	-0.015912024	0.16406935	0.065976694	0.012207826	0
28	30	train	0.077034906	0.04131935	0.33604	0.018923841	0.0011958159	-0.0025536625	-0.000814412	-0.00043264532	-0.00067202596	0.07568999	0.03908651	0.02645836	0.026040379	0.1891905	0.0021811451	0.04698695	0.12239589	0.0027880082	0.019994255	0.08935511	0.013881475	0.18287778	0.08822424	0.06912232	0.024506176	0.10105412	0.08407566	0.053957094	0.02246849	0.01264785	0.00012069986	0.005907725	0
12	17	train	-0.005298948	-0.012413926	0.012175609	-0.0041838447	0.00085582555	0.0054640668	0.006935017	0.00024007208	0.0019100164	0.0012195541	0.003694065	0.006676567	-0.0040477496	0.009864969	0.0004484562	-0.0028470631	0.0048466567	0.0024045217	0.007937212	-0.005553338	0.0039636497	-0.009461872	0.00316649	-0.006039992	-0.0017097406	-0.001837743	-0.0026198667	-0.0030867446	0.0013382835	0.00056080654	-0.00040329035	-0.00091678085	0
26	27	train	0.062329046	0.16372599	0.06712477	0.08851541	0.0049678106	-0.0042816554	0.042938586	0.030943027	9.118871e-05	-0.0025824986	0.062077574	0.07776599	0.00018512853	0.0022497908	0.01884759	0.07006224	-0.0016626589	0.0010610585	0.004693621	0.0044188844	0.024075301	0.115641475	0.2902485	0.0057048765	0.00034785664	0.025452638	0.061150044	0.03864369	0.015693383	0.10195772	0.033857062	0.003918986	0
16	8	train	0.061481934	0.21581377	0.082974076	0.04709352	0.0054186205	-0.0019016311	0.025459627	0.009102003	0.0034071645	-0.0005103797	0.06540428	0.11168857	0.003774004	0.00670196	0.048685446	0.074038185	-0.0006654097	-6.881384e-05	0.010063439	0.001430461	0.023287727	0.091775045	0.2995419	0.0048019276	0.0011398946	0.046526883	0.08913394	0.026069818	0.01737938	0.12717012	0.036641743	0.0024807772	0
5	31	train	0.08936967	-0.09443277	0.21447417	0.013897811	0.0054130987	-0.05811488	0.022319395	-0.002611283	-0.034356028	-0.07726011	0.014313831	-0.027234202	0.057120122	0.06405155	-0.0016428552	0.008083542	0.113934204	0.0008663175	-0.031692944	-0.07870755	0.01923142	0.15843593	0.16897602	0.12627172	-0.028350618	0.034650303	0.11362206	0.0032012665	-0.0005312213	0.062156804	-0.01956982	-0.0012320027	0
17	8	train	-0.0028103006	-0.009463529	0.00927294	-0.003911777	0.0009332068	-0.0010321693	0.005998396	0.0007000819	0.0009433967	-0.00035524138	0.006106654	0.008590303	0.00090423215	0.001399948	0.0029044335	-0.003866862	0.00041851148	-0.00042470155	0.001810823	-0.00029777197	0.0038029975	-0.0043579005	0.006909147	-0.0016848264	0.00052904245	-0.0016432686	-0.0028405644	-0.003603199	0.0009498248	0.0030198265	-0.004809765	0.0005889892	0
11	24	train	0.04596856	0.124921486	0.09426091	0.054352287	-0.012259405	-0.014082219	0.04285501	0.0094499225	8.665107e-05	-0.016964741	0.027588561	0.066763714	-4.9946666e-05	0.017922085	0.016684176	0.015608983	0.0005865947	-0.0013716304	-0.006508689	0.009449817	0.014223693	0.12849072	0.2784192	0.01094941	-0.0021200476	0.022836704	0.08423464	0.036937766	0.012125772	0.1027352	0.042294886	0.004715406	0
6	2	train	0.057776425	0.020493276	0.05135534	0.019084236	-0.0049133482	0.1587273	0.08094677	0.009313725	0.00081649056	0.08453343	0.04130914	0.0014089901	0.010809309	0.007205259	0.039305165	0.012886959	-0.0007174818	0.023514688	0.00033099472	0.019337093	0.027965931	0.059867788	0.39715895	0.026128568	0.073936574	0.022604248	0.13062496	0.0018661683	-0.0012209758	0.21613733	0.08824378	0.0390158	0
31	10	train	0.060602333	-0.040775575	0.32484007	-0.0018710889	-0.0255211	-0.03368252	0.006407101	0.016445564	-0.030309672	0.019401176	0.00876116	-0.020021522	0.062479157	0.21328916	0.0026530593	0.01949698	0.1660806	0.0012929352	-0.0332853	0.09494719	0.008476408	0.16415352	0.1105286	0.21833652	0.027405797	0.10699869	0.09987069	0.031869646	0.009083099	0.046131194	-0.016050506	-0.0002361776	0
24	15	train	0.060453326	0.017387707	0.1640901	0.019433388	-0.013466196	0.051517025	0.037978888	-0.010650521	-8.061393e-05	-0.044728618	0.024046827	-0.003796577	0.028844079	0.03820492	-0.014278292	0.011777359	0.0030004953	0.010036937	-0.01001035	0.017733395	0.007931389	0.07636121	0.20561495	0.06861674	-0.0035145204	0.017888017	0.10000908	0.04217936	0.0045757797	0.060578696	0.0392795	-0.0025851878	0
5	3	train	0.08997344	-0.06585663	0.052185684	0.028154207	0.010192318	0.08633026	0.114318505	-0.002011004	-0.011012748	0.070609026	0.031877194	-0.018648133	0.054500956	-0.016251175	-0.0044481773	0.007784837	0.014050706	-0.0006686586	-0.01690574	0.0017275991	0.023688357	0.117469326	0.32085615	0.05773781	0.039592773	0.000122923	0.12912771	-1.0104183e-08	0.0007115712	0.15266895	0.046534054	0.027465736	0
28	26	train	0.06223901	0.13658248	0.13632013	0.054159515	0.004334889	-0.0019945952	0.015364962	0.01478649	8.29914e-05	-0.004601394	0.06603362	0.065108314	0.0010968833	0.0076173893	0.010358288	0.05674535	-0.011012449	0.0025920186	0.005833197	0.006429487	0.02354553	0.13454469	0.19730599	0.013171723	-0.014189609	0.041030157	0.06598715	0.0460869	0.018062592	0.05104404	0.0059302473	0.0056193224	0
30	31	train	0.084648825	0.039317776	0.354423	0.010526818	-0.003934961	-0.027402585	-0.0010148752	-0.0006158469	-0.0020236934	0.09463786	0.013916792	0.027039457	0.051312685	0.25352567	0.0017861163	0.03941716	0.21578729	0.0005741131	0.016641874	0.1413559	0.01425245	0.21562825	0.08259794	0.15088432	0.03157344	0.092388645	0.09129694	0.048438545	0.010715166	0.0143182725	-0.00057572534	-0.00051597395	0
17	23	train	-0.0028856779	-0.0041002748	0.0069042775	-0.0060614985	-0.0026464805	-0.007929189	0.011300492	0.0020968083	-0.00027335435	-0.0018631493	0.0066017406	0.0023384655	-0.0034114541	-0.0032965804	0.0022347565	-0.0013619633	-0.0015223039	-0.0024882075	-0.0015481187	0.0014602302	0.005613643	-0.005100891	0.0083401315	-0.0013569101	0.0022551164	-0.0005322351	-0.002934035	-0.0019894296	-0.00038114376	0.0037162835	-0.006615641	0.0022634133	0
5	27	train	0.08144878	-0.11896247	0.10013062	0.04083219	-0.0018851977	-0.011625623	0.05005301	-0.003838936	-0.012535806	-0.03468003	0.037793163	-0.031829722	0.0048924303	0.014117022	-0.0036504127	0.011897271	0.009756955	0.0017221656	-0.03063846	-0.034194652	0.019152291	0.1154931	0.2655055	0.025054399	0.0005394436	0.023511052	0.09696481	0.0029900637	-0.00096780295	0.109670505	0.023423659	0.009837709	0
14	19	train	0.1069127	0.059909016	0.047213644	0.04722007	-0.014263746	-0.02080525	0.08308964	-0.008174932	0.0065972875	-0.10411644	0.016100354	0.01090631	0.030671246	-0.07819099	0.0009481786	0.02977605	-0.046281237	5.7481917e-05	-0.02625131	-0.0008324233	0.021054585	0.16232096	0.20847332	0.04388677	-0.022417253	0.0024959748	0.10554936	0.02160127	-0.0009845598	0.037817672	0.04188274	-0.008503628	0
7	6	train	0.03844097	-0.022364564	0.079666324	0.0070572332	0.001633794	0.09977958	0.07858208	0.013017372	0.0028577235	0.06483794	0.04357189	-0.00038912238	0.013172352	-0.00564173	0.04599481	0.004001168	-0.0018887686	0.03028582	0.00093428197	-0.0010355631	0.012573542	0.07119619	0.3305996	0.04973856	0.029233795	0.04528054	0.12182216	0.00875757	-0.0055034934	0.218816	0.043873142	0.023678923	0
25	30	train	0.0700005	-0.01516413	0.35473067	0.0006213188	0.0038776873	0.08138261	-0.0019223545	-0.00066112477	0.0006995349	-0.05181201	0.0556031	-0.016897595	0.14739092	0.17347187	0.004442139	0.013329123	0.11179524	0.022247648	-0.0038551819	-0.01761863	0.007425665	0.13860102	0.096965544	0.1432904	-0.0018539011	0.09859705	0.11883353	0.06128615	0.00042495795	0.0119501585	0.0012998624	0.0050070914	0
28	26	train	0.06223901	0.13658248	0.13632013	0.054159515	0.004334889	-0.0019945952	0.015364962	0.01478649	8.29914e-05	-0.004601394	0.06603362	0.065108314	0.0010968833	0.0076173893	0.010358288	0.05674535	-0.011012449	0.0025920186	0.005833197	0.006429487	0.02354553	0.13454469	0.19730599	0.013171723	-0.014189609	0.041030157	0.06598715	0.0460869	0.018062592	0.05104404	0.0059302473	0.0056193224	0
4	28	train	0.074358724	0.1112964	0.043426782	0.036636572	-0.0056489017	-0.0037381956	0.027532397	0.017922863	0.0014418066	-0.099940985	0.06735617	0.026831262	0.007641093	-0.073004976	0.012443508	0.043350574	-0.018638588	0.0015765978	0.016200135	0.01016671	0.035548892	0.15990877	0.22197346	0.01862523	-0.031211	-0.0059724906	0.09395916	0.014719506	-0.012629889	0.06567057	0.006370626	0.0081861	0
23	28	train	0.06230767	0.073396884	0.11686363	0.049718082	-0.0027499965	-0.005551544	0.024036247	0.016032048	-0.0007105309	-0.09954556	0.06183522	0.022530379	0.01032669	-0.056837916	0.011830333	0.022276606	-0.03163717	0.0027169609	-0.015231916	-0.037981834	0.029856224	0.14694183	0.2359621	0.014874508	-0.03526672	0.017451972	0.08463106	0.017733749	-0.0056563243	0.06515153	0.005991934	0.013944936	0
1	7	train	0.021514205	-0.023798715	0.050472114	0.015656028	-0.008047613	0.081416525	0.112843834	0.020196818	-0.003965744	0.057752956	0.027256034	-0.0032602414	0.032595642	-0.012683959	0.041198615	0.004642333	-0.0017564499	0.0018285225	-0.007429446	0.00058308634	0.018713195	0.09429295	0.33651024	0.07975289	0.014555818	-0.00873275	0.1075007	0.009692729	-0.009160531	0.20639428	0.046242982	0.008511075	0
8	23	train	0.050703645	0.0712149	0.069016516	0.045692917	-0.0030946627	0.024606457	0.0787026	0.012222346	-0.000525503	0.027568756	0.06535833	0.022847028	-0.0048993956	-0.010717431	0.04146881	0.021665037	-0.0044858786	0.0015632688	-0.004056997	-0.0031712977	0.029498234	0.09496959	0.38427046	0.009663183	0.021341057	0.011271516	0.10513501	0.010768431	-0.004846989	0.1711601	0.06200675	0.01138059	0
29	3	train	0.18682808	0.019847339	0.09994305	0.043697834	0.0028517728	0.08742944	0.068699405	-0.037661552	0.0010867993	-0.17585576	0.021345882	-0.019315902	0.0019460911	-0.06696553	-0.031812217	0.04202775	0.020334382	0.00018273715	0.06290635	-0.0041182633	0.026136462	0.024315653	0.2745584	0.048519846	0.026288247	-7.1628936e-05	0.14043328	-1.9996178e-07	-0.00042127652	0.029848438	0.050635267	-0.014339722	0
14	6	train	0.1210601	0.07537298	0.105645314	0.01580649	0.0024040935	-0.020382777	0.06701944	-0.004694849	-0.0030861706	-0.08827401	0.04623534	0.0019759752	0.0043741656	-0.025011111	0.00067130034	0.035406128	-0.002909499	0.0004475757	-0.001470694	-0.07371227	0.02346896	0.099860854	0.19090529	0.042405553	-0.02306585	0.017035378	0.100097306	0.012000295	-0.0018519199	0.044224497	0.03723643	-0.017920539	0
18	26	train	0.15918092	-0.0073566395	0.23494145	0.061090585	0.001094094	0.084404126	0.053664476	-0.09284871	3.5655565e-05	-0.010764745	0.06247255	-0.030970758	-0.0008213999	0.014206792	-0.04454123	0.079440124	-0.0121829985	-0.00952381	0.016210679	0.008438259	0.03280283	0.012753916	0.2516543	0.01238212	0.017600665	-0.03957211	0.12862633	0.055366594	-0.021868235	-0.0034012548	0.10953132	-0.01900529	0
25	27	train	0.0678563	-0.07680885	0.13814512	0.0018733686	0.0032022542	-0.011153873	0.025703222	0.022452395	-0.0037921928	-0.026329655	0.072369814	-0.06225869	0.005511332	0.034665667	0.016254703	0.022777706	0.008459204	0.0026328226	-0.010378083	-0.012570902	0.01119742	0.12652902	0.19406994	0.025525339	2.5355763e-05	0.05049534	0.08638886	0.050375953	0.0002703086	0.038032234	0.025882969	0.0026282505	0
9	14	train	0.097759694	0.019600077	0.20309603	0.014980588	0.014161614	-0.0214865	0.048643015	-0.00447615	-0.0054791747	-0.05129561	0.04230209	-0.0008558181	0.013733662	0.021525426	0.0004519312	0.03305599	0.033661634	0.00071559026	-0.031149467	-0.08085302	0.01380517	0.119815946	0.14942496	0.0556319	-0.009016291	0.028587986	0.10133534	0.015482592	0.0044339197	0.042698137	0.03281184	-0.024964632	0
14	1	train	0.067753546	0.08020635	0.06693094	0.035065703	-0.011841894	-0.016631607	0.09623989	-0.0072841896	0.0042827665	-0.078628115	0.028922133	0.016555605	0.010824092	-0.056230962	0.0006012992	0.04107976	-0.0027056723	2.7022623e-05	0.011695015	0.041504588	0.034928843	0.13225673	0.19431838	0.06799484	-0.011484733	-0.0032854227	0.08832983	0.013281723	-0.0030825094	0.041713968	0.03924778	-0.0064413	0
5	13	train	0.0829063	-0.070132494	0.18873654	0.022918316	-0.0136249345	-0.025398973	0.043479964	-0.00013134647	0.015442929	-0.034097463	0.021252325	-0.016250491	0.05881874	0.043593563	-0.00040762607	0.007482107	0.07582456	0.010775001	-0.008340151	-0.03536749	0.014692224	0.12410624	0.17783546	0.10940703	-0.027102329	0.035702337	0.1164627	0.0016077989	-0.002061726	0.10668807	0.037344474	0.014106153	0
19	3	train	0.07578874	0.048194747	0.012631563	0.064336985	0.036855914	0.07454335	0.14837064	0.01906958	0.004714093	0.10311452	0.019675333	0.026728118	0.044784978	0.019757183	0.043488115	0.026629673	-0.007063971	-8.85409e-05	-0.009269743	1.9546345e-05	0.024104724	0.14520082	0.41460285	0.021848297	0.055922452	2.325825e-05	0.11456079	-1.0391698e-07	0.0020245542	0.16011219	0.07845809	0.009788505	0
27	19	train	0.06860802	0.08705829	0.02423665	0.09330826	-0.006816966	-0.010038345	0.064962335	0.036403164	0.0053660497	-0.05064529	0.023326807	0.045621116	0.0040202485	-0.017162612	0.035688676	0.04069712	-0.004905294	0.00022804178	-0.016799659	-0.00038688403	0.019488927	0.14275804	0.34307998	0.009480719	0.00076193217	0.004448524	0.08602619	0.030751461	-0.0027535819	0.11501739	0.039493136	0.0035060581	0
30	8	train	0.06268812	0.040090986	0.19845618	0.017391771	0.0013456914	0.011318759	-0.0026666536	-0.00032983563	-0.0004970251	-0.020962048	0.0413135	0.026830217	-0.012354599	0.03567401	0.0076455576	0.045696992	0.017354684	0.0016041477	0.0053254385	0.0074607152	0.01371503	0.118195266	0.14367548	0.04490513	-0.014829496	0.06526673	0.10444504	0.032764263	0.019253585	0.03322727	0.0012490468	0.0048213485	0
6	3	train	0.085817605	0.060634974	0.028264403	0.021536222	-0.006211907	0.07302967	0.11967458	0.010951627	-0.0022052238	0.08742455	0.056501597	0.004842527	0.0063869893	0.006319771	0.030789124	0.031664833	-0.00044408097	-0.0006894126	-0.0005193248	0.0017308568	0.026868867	0.08932844	0.37966427	0.021110898	0.057540454	0.0001587408	0.10864326	-5.7729682e-08	0.0038081103	0.18723738	0.06975426	0.02062829	0
22	27	train	0.058956042	0.17484301	0.024305576	0.120171495	-0.011373716	-0.008451708	0.07441079	0.026210142	0.009945323	-0.046794366	0.011832731	0.1013466	0.0026530079	-0.013870523	0.030740665	0.06549456	-0.0061817807	-0.001072635	0.025686787	0.008359117	0.03185232	0.15010926	0.35343185	0.004881608	0.00052499387	-0.025814377	0.06994015	0.033753075	-0.01593331	0.101582706	0.029259937	0.002565013	0
32	10	train	0.064332604	-0.044374324	0.3586593	-0.0018194657	-0.046977784	-0.021158578	0.002805307	-0.00064079213	-0.03807562	0.023964496	0.003189315	-0.024505233	0.040051956	0.22349533	0.0055476064	0.016876828	0.171095	-0.0047310623	-0.050476674	0.11118368	0.009464004	0.14693257	0.11701675	0.23631732	0.03744113	0.11470307	0.1068318	0.025070226	0.00993227	0.04492504	-0.024913518	0.0019297835	0
7	1	train	0.021514205	-0.023798715	0.050472114	0.015656028	-0.008047613	0.081416525	0.112843834	0.020196818	-0.003965744	0.057752956	0.027256034	-0.0032602414	0.032595642	-0.012683959	0.041198615	0.004642333	-0.0017564499	0.0018285225	-0.007429446	0.00058308634	0.018713195	0.09429295	0.33651024	0.07975289	0.014555818	-0.00873275	0.1075007	0.009692729	-0.009160531	0.20639428	0.046242982	0.008511075	0
29	28	train	0.16888247	0.029908188	0.3894442	0.038777087	-0.00046026905	-0.0054847137	0.010763422	-0.034355674	0.0011258952	0.15389523	0.02692016	-0.027603189	0.0010350725	0.196958	-0.014347821	0.052021187	0.09352504	-0.0011497306	0.14168563	0.118602276	0.020666612	0.027814444	0.15444297	0.048611544	-0.014610392	-0.02208502	0.11379608	0.07057081	0.00065947656	0.010734594	0.0044643735	-0.007364677	0
8	25	train	0.055139143	-0.062170137	0.16568622	0.0010534493	0.0031444875	0.023030536	0.030115752	0.0081795715	-0.0025525524	0.012992412	0.08136786	-0.052857667	-0.015492624	0.022131765	0.0313138	0.017941825	0.007944382	0.0037005874	-0.00343531	-0.0015271832	0.010819715	0.095144175	0.21484403	0.038286485	0.00062588946	0.052572604	0.11580782	0.036481615	0.00026660057	0.050021272	0.046914767	0.003075567	0
9	17	train	-0.002901242	-0.0013273591	0.012508999	-0.0022082278	0.00568355	-0.0068978365	0.00639808	0.0012457522	-0.0015604127	-0.0008320991	0.0069604064	-0.0003110848	-0.0035234918	0.000927829	0.0017659486	-0.002237224	0.0011370506	-0.0063511096	-0.0025179577	0.0021020444	0.0023497934	-0.004255927	0.0059083877	-0.0025312577	0.000799348	-0.0025048899	-0.0030898266	-0.0029488797	0.00096174894	0.0037084024	-0.0059833657	0.0023955079	0
16	4	train	0.075341284	0.14178897	0.022957334	0.05377341	-0.031565405	-0.009836767	0.054940376	0.03047651	0.0020033128	-0.002687443	0.07701986	0.036207937	-0.010535527	-0.020270662	0.0394016	0.05074676	0.001425931	-0.00023394625	0.009150371	0.0018776647	0.04092956	0.11690154	0.3401456	0.00484251	0.0043001715	-0.005157151	0.102214634	0.011947334	-0.015572015	0.1577459	0.053584512	0.005596349	0
15	11	train	0.12459407	0.032243464	0.20778784	0.029315822	0.028156048	-0.024398379	0.02241662	-0.0061055305	-0.003560109	0.020897979	0.04400164	-0.007650906	-4.8651495e-05	0.07910487	-0.003271293	0.072655044	0.008283556	-0.0013692983	0.033276398	0.022511546	0.010434782	0.06853385	0.17046213	0.013394472	0.0011488835	0.02126375	0.09275472	0.040448446	0.013928725	0.05326219	0.06273188	-0.0008471738	0
8	1	train	0.035330314	0.09434031	0.041208122	0.03896426	-0.005557414	0.016569206	0.0881609	0.011816915	0.0023447576	0.018873056	0.047113527	0.058795106	-0.0039882404	-0.007879864	0.043600123	0.044226356	-0.00026931838	0.00015068144	0.0024774165	0.0023434593	0.031240884	0.08746531	0.35401678	0.022032186	0.009635534	-0.006096424	0.09650785	0.01369278	-0.008502792	0.16686034	0.06708063	0.0031077557	0
5	12	train	0.124793306	-0.12630966	0.1576852	0.02455809	-0.0016976896	-0.12707485	0.06780298	-0.0004795916	-0.017083595	-0.058749154	0.025704542	-0.021003205	0.061563987	0.0635102	-0.0010858187	0.0068998937	0.10611575	-0.013704679	-0.044453673	-0.07747351	0.019288028	0.18855926	0.13470763	0.13472219	-0.043033503	0.027375147	0.11988609	0.0018549988	-0.0013449086	0.026786983	0.0035599524	-0.017918874	0
5	11	train	0.0916751	-0.11431238	0.13627817	0.038287524	-0.00897197	-0.034637745	0.045633912	-0.0016113757	-0.012256834	-0.02101409	0.03882897	-0.0342151	-0.00011077063	0.025735132	-0.001872821	0.011725298	0.01050024	-0.0020271016	-0.021655478	-0.0178917	0.017908253	0.1035362	0.2502825	0.015861304	-0.004954228	0.021619324	0.11387925	0.0029181754	-0.0016686014	0.11624226	0.051970854	0.008315686	0
6	2	train	0.057776425	0.020493276	0.05135534	0.019084236	-0.0049133482	0.1587273	0.08094677	0.009313725	0.00081649056	0.08453343	0.04130914	0.0014089901	0.010809309	0.007205259	0.039305165	0.012886959	-0.0007174818	0.023514688	0.00033099472	0.019337093	0.027965931	0.059867788	0.39715895	0.026128568	0.073936574	0.022604248	0.13062496	0.0018661683	-0.0012209758	0.21613733	0.08824378	0.0390158	0
22	10	train	0.04354193	-0.035798576	0.057202738	-0.007084187	-0.0893261	0.075798996	0.035134252	0.020609438	-0.027477322	-0.018877393	0.0057233325	-0.020367287	0.08638994	-0.058394134	0.012478536	0.0189574	-0.06287825	-0.020412385	-0.019084806	0.007869267	0.012562635	0.12517808	0.23630358	0.039654344	-0.033318438	-0.058375966	0.105242126	0.02701709	-0.021233775	0.10283611	0.040966615	0.0022367593	0
19	29	train	0.15516111	0.012440936	0.0721257	0.063412845	0.0031772808	0.15731078	0.06421164	-0.08511897	0.0016583859	-0.20263341	0.012343763	-0.012917758	0.004273567	-0.08941023	-0.064157136	0.026366852	-0.049535893	-0.00079465564	-0.04422306	-0.00071971427	0.019241503	0.02378408	0.30007842	0.03742898	0.03321334	-0.0018983326	0.1601655	0.048930693	-0.0001270602	0.03067286	0.073359884	-0.008326668	0
24	18	train	0.104302466	-0.005841383	0.24240917	0.040005397	-0.00056732004	0.093172915	0.05874667	-0.06755467	3.465246e-05	-0.1167024	0.027023459	-0.024735328	-0.009787862	0.062081058	-0.076852284	0.017957833	0.003993965	-0.010459426	-0.0318043	0.034488175	0.020726189	0.015807584	0.25608054	0.037539158	0.0116800405	-0.038611777	0.1508667	0.05422616	-0.009800334	-0.0032334349	0.061669692	-0.02705302	0
3	18	train	0.2109768	-0.0062405267	0.1175471	0.04437702	-0.001347535	0.10997989	0.08686404	-0.048330802	0.0013750064	-0.18320961	0.04059535	-0.027167888	-0.00812282	-0.08117109	-0.041820165	0.0735525	0.014754588	0.00047068857	0.08253523	-0.0042274166	0.0360691	0.01609645	0.27216342	0.026674818	0.030513652	-0.00026096875	0.15865907	-1.8005308e-07	0.012721927	-0.0037337902	0.08818711	-0.02928123	0
27	15	train	0.110695645	0.033555087	0.15267247	0.031264212	0.0059161726	-0.008188939	0.024587402	-0.014545796	-0.003641139	0.03448841	0.042827852	-0.0071175075	0.002148801	0.043393023	-0.0063762465	0.073720664	0.007697185	0.0011633154	0.047079895	0.043024115	0.0111596575	0.0764485	0.1808302	0.021157809	-0.00012509673	0.023124367	0.078977905	0.041444883	0.008078778	0.050251015	0.028273733	-0.0010022323	0
7	23	test	0.030875713	-0.017964995	0.084532104	0.018359635	-0.0044813375	0.120909356	0.10073744	0.020889757	0.00088879565	0.08436245	0.03781099	-0.0012668883	0.040042456	-0.017251497	0.039184697	0.002274126	-0.02925616	0.018970301	0.0121664	-0.0007890644	0.017669354	0.10238303	0.36526784	0.034979135	0.032238644	0.016145749	0.11711055	0.007622666	-0.0052219313	0.21171278	0.04274523	0.031167522	1
10	27	test	0.05523111	-0.05136737	0.15165666	-0.005497316	0.008888129	-0.006738039	0.014368432	0.024177184	-0.011059375	0.008708678	0.02313231	-0.023399968	0.00535144	0.047009133	0.005895079	0.028695446	0.014222604	0.0025702454	-0.032177836	0.041249994	0.008441531	0.11966097	0.17366931	0.04332158	-0.0005214659	0.07260115	0.08522942	0.029767051	0.016547998	0.08139464	0.019211296	0.0018859102	1
17	27	test	-0.003458461	-0.011691831	0.0077315513	-0.0069563864	0.0009503506	0.00049988786	0.0051195165	0.0019216796	0.0014015548	0.0007199112	0.0054313513	0.010118135	-0.0003216707	0.0021927815	0.0015076644	-0.004909102	0.00044563235	-0.00030215847	0.0054705027	-0.0024510892	0.003935756	-0.0057954243	0.006241075	-0.0011232623	2.1432337e-05	-0.0015783394	-0.0021189686	-0.004975509	0.0009630355	0.0022960382	-0.0026535569	0.0005033254	1
1	20	test	0.051820528	0.04473617	0.03008366	0.069220714	0.051206533	0.10825815	0.13495243	0.031030808	0.0012888523	0.09487957	0.04633711	0.001779573	0.028494533	0.023175409	0.028538276	0.017919809	0.0004285558	0.00023766575	0.0037011832	-0.0056337314	0.048822287	0.13575867	0.37903503	0.0011244685	0.037877686	-0.0018253867	0.100633025	0.004748913	0.0042827115	0.15006174	0.051260795	0.012243014	1
9	27	test	0.06273436	0.028482346	0.104257315	0.029602086	0.0067681544	-0.010367041	0.03803078	0.019932402	-0.004456608	-0.02495169	0.06128888	-0.003579889	0.0018001464	0.0047247456	0.017010327	0.04518006	0.003567757	0.0028388838	-0.01993426	-0.03757793	0.012778592	0.105375744	0.24590538	0.012017982	0.00030645158	0.05095177	0.08259163	0.022040943	0.01240063	0.12986068	0.030939773	0.010292955	1
1	21	test	0.04344272	0.014279901	0.030251782	0.040042296	0.037027277	0.1234853	0.1712399	0.03483601	-0.0046413993	0.10084877	0.044922918	0.0015943833	0.023188492	0.009285378	0.017707415	0.014618138	-0.00044330445	0.00029821764	0.0012612157	-0.02019299	0.03841611	0.12785915	0.36913687	0.028084217	0.034316123	-0.00084371975	0.12301157	0.0100093195	0.010543242	0.19133797	0.055776168	0.012573258	1
4	25	test	0.06756869	-0.040845588	0.045842197	0.0012028738	-0.018317766	0.119132474	0.06498802	0.027387906	-0.001500826	0.06841253	0.09581852	-0.017135749	0.043249283	-0.06693946	0.02534256	0.012297567	-0.017024308	0.012580878	-0.0031236205	-0.0020046253	0.01901629	0.12119307	0.2439667	0.038610056	0.0023611235	-0.0058272732	0.13280298	0.016718874	-0.0002388755	0.062047992	0.06860767	0.0069381273	1
11	30	test	0.08683248	0.047594797	0.22520249	0.02900067	0.006522022	-0.016332544	-0.0020749993	-0.00038002804	-0.00072197156	0.025740692	0.037751928	0.033970434	-9.950851e-05	0.10186352	0.0020361359	0.057175178	0.019887079	-0.0013433708	0.01137123	0.03213284	0.013271848	0.14091077	0.122341715	0.018952953	0.005517412	0.05764394	0.0915036	0.044155076	0.03365705	0.02677725	0.0015289326	0.0034826847	1
17	29	test	-0.007821515	-0.0016708036	0.023008278	-0.004727601	-0.00044294348	-0.007833737	0.0050603556	-0.004493329	0.00043315266	0.0028803875	0.002874089	-0.0028649808	-0.0003419394	0.0114235	-0.0027103114	-0.0031805092	0.004500198	0.0010529296	0.014400433	-0.0045597223	0.003885789	-0.00096554164	0.00545882	-0.004434533	0.00093425566	0.0006735297	-0.0039451434	-0.007916863	4.4437933e-05	0.0006123079	-0.004929075	-0.0011953664	1
14	25	test	0.10574128	-0.052855875	0.2691104	0.0009480468	0.006700362	-0.02311727	0.032875534	-0.0050420556	-0.00466231	-0.054128427	0.049950242	-0.014883734	0.042047005	0.15793298	0.00043185573	0.01666531	0.079812214	0.00066364894	-0.016216895	-0.02704767	0.012096973	0.14386797	0.11792703	0.1181582	-0.0007460067	0.02833189	0.10599433	0.035386436	9.665047e-05	0.012504983	0.027449064	-0.006374584	1
18	27	test	0.19098748	-0.011272797	0.225542	0.06436022	0.0002492436	-0.01481039	0.038032394	-0.09226181	0.0015651691	0.089984454	0.04812929	-0.04637174	-0.0007291676	0.07051146	-0.03431987	0.11240749	0.010245739	-0.0012122834	0.14957951	0.083673954	0.029162254	0.015825653	0.2252127	0.01157511	0.00041574237	-0.04991458	0.11914055	0.05328191	-0.017303003	-0.002682187	0.044390395	-0.010487986	1
10	26	test	0.046033062	-0.033522397	0.15797694	-0.00521804	0.039015844	0.038399953	0.020274146	0.02433098	-0.0002519397	-0.0010418099	0.030026088	-0.015628371	0.006028343	0.009471495	0.0076507884	0.020279517	-0.016911808	0.020192085	-0.0034872731	0.004159935	0.009495361	0.09643494	0.19405936	0.046341933	-0.022076525	0.057557944	0.09201526	0.030931704	0.02091403	0.103215754	0.04740302	0.0034174598	1
7	26	test	0.03084169	-0.03343062	0.09860577	0.019999744	0.007064045	0.04344111	0.06439553	0.019266795	-0.00010381307	0.0038995696	0.040378228	-0.0036610554	0.004253241	0.002312037	0.034308955	0.0057928967	-0.010183653	0.018097933	-0.0046592304	0.0001335712	0.013934592	0.09374521	0.30542842	0.03097484	0.012971259	0.037959184	0.09131152	0.01980997	0.016675424	0.16586988	0.04230517	0.012559423	1
13	32	test	0.088665515	0.12776846	0.2872502	0.017323487	-0.04323088	0.005154273	0.0051611275	-2.7882255e-05	-0.01697731	0.05840667	0.0037078878	0.062254164	0.014787345	0.16393487	0.0015260729	0.036668554	0.1307212	-0.0015554614	0.018493528	0.12215555	0.018407805	0.18933673	0.117227174	0.12703662	0.029640066	0.07702419	0.08527274	0.016841637	0.015877107	0.043170653	-0.028369388	0.003173171	1
5	23	test	0.06795939	-0.041719623	0.08941667	0.03557943	0.0052497876	0.18440488	0.110483795	-0.0041887905	0.0024449397	0.089752845	0.045937125	-0.007356366	0.051886294	-0.021223227	-0.005410875	0.0033007355	-0.03333028	0.014181649	0.008670497	0.020371377	0.027317274	0.10165221	0.35480276	0.03026592	0.0567604	0.00792821	0.13426255	0.0011955604	0.00038303056	0.17750867	0.058398042	0.044239376	1
3	25	test	0.07495833	-0.042520735	0.07199794	0.0012917066	-0.017312981	0.082827106	0.05870484	0.011761554	-0.0033314542	0.053607546	0.06104137	-0.036475603	0.061395425	-0.039906275	0.01980702	0.014904319	0.012181851	-0.0010222358	-0.005726436	0.0006351133	0.013849439	0.12869409	0.23452824	0.05882309	0.0018610008	0.00026400515	0.11504375	-1.7023312e-07	-0.00019874274	0.05294351	0.05141978	0.0073377686	1
5	22	test	0.06421086	-0.08290646	0.037767846	0.052618932	0.018946322	0.13078146	0.12239158	-0.0032724373	-0.031145556	0.07517427	0.009350682	-0.02770453	0.07898	-0.017535983	-0.00772709	0.007859831	-0.043135583	-0.0136771025	-0.018171795	-0.006523318	0.028502323	0.12081804	0.3612607	0.022933507	0.0344671	-0.01890439	0.119733095	0.0027138332	0.0012418486	0.13856056	0.049949158	0.011667888	1
12	26	test	0.09549865	0.17383781	0.105707765	0.053236656	0.0044736955	-0.046801	0.058165617	0.0038656585	0.0001242705	-0.0043748408	0.042221274	0.05131477	0.0023295684	0.010121445	0.0056062336	0.04063302	-0.018082924	-0.008443709	0.0068100253	0.010011696	0.024245929	0.1888015	0.14726132	0.03067619	-0.027749874	0.029635835	0.07560516	0.023974072	0.02180833	0.02490314	0.005145632	-0.007138228	1
10	13	test	0.05621947	-0.030282844	0.28585818	-0.0030855366	0.064237386	-0.014720868	0.012481545	0.0008272052	0.013624105	0.008562387	0.01300805	-0.011946726	0.06433714	0.14516485	0.0006582784	0.018046355	0.11052861	0.016081147	-0.008759188	0.042664822	0.0064757196	0.12858495	0.116323635	0.18917577	0.026199108	0.11024733	0.102367535	0.016006159	0.035252467	0.07918116	0.03062868	0.0027041798	0
32	26	test	0.07260021	0.14143668	0.15874623	0.029296251	-0.026257128	-0.01344512	0.008383374	-0.00082011404	0.00031394785	-0.0071065063	0.008558805	0.08143915	0.0013855635	0.010696173	0.01773666	0.041206136	-0.020001443	-0.0019530952	0.007362781	0.011910494	0.0269914	0.14199701	0.19556671	0.031119853	-0.024976026	0.040212803	0.076649226	0.032546256	0.009419321	0.05627465	-0.043906383	0.0040101567	0
26	21	test	0.06227731	0.020059315	0.059101947	0.05115191	-0.032501854	0.06588759	0.097719856	0.033231884	-0.00012150002	0.006809466	0.06655068	0.0017903966	0.0030257492	-0.0016925423	0.0147461975	0.018241122	-0.0025702177	0.0029516304	0.00079094653	-0.004625733	0.028606167	0.12711641	0.3350415	0.010907493	0.030580437	0.0036674486	0.10448651	0.020457016	-0.019192452	0.15376979	0.05102656	0.018553812	0
6	32	test	0.09048863	0.09461895	0.12825547	0.010337655	-0.006072829	-0.030882005	0.010230258	-0.00055409985	-0.008642226	-0.11815951	0.009235754	0.008655918	0.004291111	-0.026100324	0.023777883	0.02846118	-0.0037096806	-0.0032683893	-0.0014764055	-0.09234077	0.024355037	0.10784173	0.21168388	0.049971417	-0.056289375	0.047968823	0.10226064	0.014388014	-0.0031087166	0.07423767	-0.045533706	0.0075605535	0
31	6	test	0.08524172	0.08694536	0.11616182	0.010630963	-0.0032991187	-0.04916133	0.023365108	0.014220657	-0.006879548	-0.09565958	0.025370937	0.007072149	0.006693931	-0.024908423	0.011371415	0.03287982	-0.0036009585	0.00089320645	-0.00097357057	-0.07885597	0.021813521	0.1204811	0.19994679	0.046169218	-0.04120215	0.044746853	0.09559739	0.018290257	-0.002842933	0.0762308	-0.029335039	-0.0009253024	0
10	1	test	0.032111235	-0.023864051	0.0808617	-0.0040847417	-0.044448245	0.07196848	0.035527505	0.025505453	-0.0096243005	-0.015429294	0.020268153	-0.01391737	0.046199523	-0.05196113	0.009187161	0.016251674	-0.0029169046	0.002040105	-0.005560684	0.018159611	0.012751614	0.09699841	0.21380775	0.11931952	-0.024773376	-0.013241569	0.10832921	0.015134431	-0.01148898	0.12843286	0.051815342	0.002315891	0
32	9	test	0.07307231	0.02460482	0.24656256	0.009797504	-0.03577276	-0.032554258	0.007425168	-0.0005282884	-0.015343374	-0.06866193	0.008450066	-0.00374898	0.013472893	0.02246284	0.01600769	0.026572024	0.042919382	-0.005225546	-0.031270437	-0.10128613	0.014326388	0.12939164	0.16568874	0.06555757	-0.022003153	0.08049907	0.10352544	0.018563189	0.0074429787	0.071675435	-0.040123194	0.010532408	0
9	22	test	0.04945718	0.01984971	0.039324377	0.03814711	-0.068020254	0.11662315	0.092994355	0.016991043	-0.011072566	0.054086603	0.015163926	-0.0031159283	0.029060313	-0.005869018	0.036006976	0.029847821	-0.015773086	-0.02254586	-0.01182309	-0.007168746	0.019017024	0.110234216	0.33459178	0.011000643	0.019580357	-0.040968485	0.10198496	0.020004738	-0.015912024	0.16406935	0.065976694	0.012207826	0
6	31	test	0.08524172	0.08694536	0.11616182	0.010630963	-0.0032991187	-0.04916133	0.023365108	0.014220657	-0.006879548	-0.09565958	0.025370937	0.007072149	0.006693931	-0.024908423	0.011371415	0.03287982	-0.0036009585	0.00089320645	-0.00097357057	-0.07885597	0.021813521	0.1204811	0.19994679	0.046169218	-0.04120215	0.044746853	0.09559739	0.018290257	-0.002842933	0.0762308	-0.029335039	-0.0009253024	0
8	1	test	0.035330314	0.09434031	0.041208122	0.03896426	-0.005557414	0.016569206	0.0881609	0.011816915	0.0023447576	0.018873056	0.047113527	0.058795106	-0.0039882404	-0.007879864	0.043600123	0.044226356	-0.00026931838	0.00015068144	0.0024774165	0.0023434593	0.031240884	0.08746531	0.35401678	0.022032186	0.009635534	-0.006096424	0.09650785	0.01369278	-0.008502792	0.16686034	0.06708063	0.0031077557	0
28	29	test	0.16888247	0.029908188	0.3894442	0.038777087	-0.00046026905	-0.0054847137	0.010763422	-0.034355674	0.0011258952	0.15389523	0.02692016	-0.027603189	0.0010350725	0.196958	-0.014347821	0.052021187	0.09352504	-0.0011497306	0.14168563	0.118602276	0.020666612	0.027814444	0.15444297	0.048611544	-0.014610392	-0.02208502	0.11379608	0.07057081	0.00065947656	0.010734594	0.0044643735	-0.007364677	0
9	20	test	0.07477038	0.010932207	0.09128621	0.029572114	-0.061237432	0.13985953	0.068209685	0.019068496	-0.0016488986	0.061897777	0.06777358	-9.199246e-05	0.03615401	-0.008871634	0.021449119	0.014419681	-0.00533172	0.0062936638	-0.009858036	0.010974792	0.019296372	0.12298847	0.29146647	0.0009200157	0.029736545	0.015883535	0.11545004	0.005535839	-0.006160306	0.15360218	0.04285493	0.047450412	0
18	19	test	0.17521667	-0.0039117583	0.084829986	0.06439846	-0.0015013458	0.19788554	0.08118967	-0.10923258	0.0020981713	-0.21110705	0.023475224	-0.018168874	-0.017837508	-0.10837704	-0.084340625	0.04614446	-0.035943147	-0.002046849	-0.05802213	-0.00073879	0.02655385	0.015744561	0.29746082	0.020577379	0.038551837	-0.0069162766	0.18095219	0.04405903	0.0038370297	-0.0038369184	0.12776463	-0.017002778	0
3	6	test	0.085817605	0.060634974	0.028264403	0.021536222	-0.006211907	0.07302967	0.11967458	0.010951627	-0.0022052238	0.08742455	0.056501597	0.004842527	0.0063869893	0.006319771	0.030789124	0.031664833	-0.00044408097	-0.0006894126	-0.0005193248	0.0017308568	0.026868867	0.08932844	0.37966427	0.021110898	0.057540454	0.0001587408	0.10864326	-5.7729682e-08	0.0038081103	0.18723738	0.06975426	0.02062829	0
26	24	test	0.034039263	0.084840186	0.0721447	0.05501992	-0.011307566	0.026936112	0.06632501	0.022656675	2.0188959e-06	0.0033492872	0.03485509	0.041481454	0.0024850427	0.0019808041	0.0422053	0.011192902	-0.00064813305	0.009154677	-0.0009979799	0.0018213466	0.017110791	0.115509436	0.33003023	0.018501444	0.009772831	0.019689068	0.0774338	0.03932853	0.0088886535	0.122912265	0.047036182	0.010108748	0
24	22	test	0.03219719	0.09060085	0.02612327	0.07469689	0.025888477	0.05317012	0.11493849	0.019191228	0.00022018702	0.060688425	0.0066437987	0.05405968	0.035612218	-0.012212153	0.0688374	0.010463185	-0.0024097646	-0.009254557	-0.0054616462	0.0034454055	0.022638071	0.14993787	0.40187353	0.015831508	0.014749399	-0.019968893	0.08856464	0.03435124	-0.009024547	0.12246017	0.04064959	0.00661627	0
1	16	test	0.043989692	0.12386979	0.03688697	0.06222783	-0.027595542	-0.009836866	0.053728066	0.026357027	0.0044050156	-0.001832494	0.05096898	0.07824248	-0.011590462	-0.011603304	0.039385293	0.053233404	0.00014531203	-3.8860166e-05	0.005253745	0.005183629	0.036406018	0.098933786	0.333114	0.008817569	0.0021938302	-0.00815064	0.08451212	0.0183028	-0.012234016	0.15256765	0.05452333	0.002603313	0
30	20	test	0.091947414	0.019011144	0.14488134	0.030896796	-0.012399326	0.07395332	-0.0040819836	-0.00086613686	-0.0002732018	-0.10538146	0.040632665	0.00081208005	0.08826914	-0.10492055	0.0050043673	0.018515687	-0.027615832	0.0025301788	0.00795604	-0.017935736	0.021433424	0.18345594	0.15382898	0.0022918473	-0.05829537	0.019542113	0.108909495	0.011363261	-0.009697704	0.029882127	0.0009544802	0.018993719	0
