mS#id1	mS#id2	mD#data	C#e2v-0	C#e2v-1	C#e2v-2	C#e2v-3	C#e2v-4	C#e2v-5	C#e2v-6	C#e2v-7	C#e2v-8	C#e2v-9	C#e2v-10	C#e2v-11	C#e2v-12	C#e2v-13	C#e2v-14	C#e2v-15	C#e2v-16	C#e2v-17	C#e2v-18	C#e2v-19	C#e2v-20	C#e2v-21	C#e2v-22	C#e2v-23	C#e2v-24	C#e2v-25	C#e2v-26	C#e2v-27	C#e2v-28	C#e2v-29	C#e2v-30	C#e2v-31	C#e2d	cD#class
2	24	train	0.029640414	0.043375164	0.13402236	0.04375772	-0.004855842	0.0019756146	0.04007745	0.010190034	0.0055809626	0.024358565	0.015264152	0.16590294	0.12890007	-0.0005119389	0.03306405	0.075929895	0.035726357	0.0054345005	0.09622744	-0.0031856394	0.03164234	0.13333263	0.32022375	0.06882191	0.014283234	0.041788604	0.12041995	0.0081517715	0.11274563	0.16055307	0.079717346	0.07026499	2.042819470691029	1
3	20	train	-6.724525e-06	0.073274314	0.17033216	0.025024548	0.0009676793	-0.020552477	-0.00075673073	0.012956068	0.00024070081	-0.0018810545	-0.0013461269	0.14838153	0.038915094	-0.00045777566	0.037330516	0.033064075	0.054698538	-0.00044209443	0.020881323	0.043389272	0.038073204	0.05204007	0.33352268	0.12527315	-0.003070003	0.07789011	0.09331397	0.0055829203	0.08260692	0.11859092	0.037708055	0.025841117	1.6213859572621914	1
10	30	train	0.072773494	0.06597768	0.10900061	0.029391207	0.07636856	0.007367524	0.05256381	0.014730616	0.004802505	0.07250591	-0.0057424987	0.015611111	0.022517217	0.011522713	0.0045094006	0.107480004	0.091397025	0.041853122	0.10623767	0.14155748	0.008264021	0.028424226	0.20658466	-0.008549521	0.0069931094	-0.0016692054	0.096621655	0.0128857205	0.042007994	0.13632672	0.033854496	0.06925349	1.6734225306427106	1
3	23	train	0.009805876	0.05434836	0.12972237	0.092024215	-0.0024006017	-0.0057745706	0.019200709	0.0015300473	-0.0013967807	0.004519889	0.008299964	0.1455812	0.049029212	0.0016015023	0.02296503	0.034780424	0.001734634	-0.008024358	0.011064197	0.06319376	0.028444776	0.081056625	0.28969783	0.09924406	-0.001088773	0.049790133	0.02944651	0.008588447	0.0574646	0.12664384	0.015878716	0.0114636645	1.4284355019917712	1
6	24	train	0.044800103	0.038300626	0.12418677	0.04673326	0.007154567	-0.0015154703	0.059746373	0.0033148727	-0.0013274298	0.020060534	0.04752877	0.11911399	0.08296394	0.0006347248	0.029822024	0.07660095	0.022374028	0.0085448995	0.06826146	0.005327936	0.040358357	0.13035525	0.26397306	0.044532515	0.01345119	0.043699548	0.10780571	0.006947577	0.08857355	0.20129131	0.066933654	0.09818302	1.9087316652876325	1
9	25	train	0.044075683	0.052854963	0.06547804	0.10462601	0.008738033	-0.0042308257	0.12380249	0.0012819243	0.0045537623	0.010839592	0.0001595911	0.117516294	0.049907	0.00045564206	0.024741838	0.07028174	-0.007566545	0.0045468556	0.006263703	0.036161583	0.016378382	0.1150804	0.236592	0.032952044	-0.0021750473	0.008978029	0.021490294	0.0057916082	0.022457223	0.1476383	0.04253646	0.004311352	1.3665184151177527	1
7	23	train	0.04536888	0.038081124	0.09007308	0.18129209	0.030175855	-0.008490398	0.13598642	-0.0032307724	0.008684604	-0.00085134874	-0.0056178346	0.13916354	0.07133874	0.00144353	0.023183716	0.0599478	-6.558858e-05	0.0041921986	0.014244765	0.0031147667	0.027370565	0.14720435	0.26152495	0.0582183	-0.00073990383	0.0077403397	0.017632077	0.011257323	0.042625517	0.13664138	0.016758822	0.007950097	1.5622189837595215	1
2	25	train	0.034628365	0.042538628	0.09901461	0.05323479	-0.0034733806	0.0031022215	0.053950544	-0.0009510744	0.007611458	-0.023758	0.00038177942	0.14852373	0.07036646	-0.0013943785	0.016809143	0.070617385	0.013674635	-0.0045479885	0.017593091	0.033934757	0.01817271	0.10201872	0.30059698	0.091827296	0.0054880828	0.025104843	0.06314808	0.010900265	0.039166115	0.14239252	0.042422745	0.007956129	1.4810512626136187	1
7	24	train	0.046533793	0.045476213	0.08806105	0.10539324	0.009961906	-0.002042044	0.08829954	-0.008038702	0.0044463	0.0006749006	0.012721126	0.12585221	0.09896985	0.00081488834	0.039288472	0.08704322	-0.0012061696	-0.0022043304	0.026665375	-0.00029614376	0.041692503	0.14460854	0.27458692	0.03392876	-0.0017953949	0.008535497	0.053519152	0.003721959	0.054237176	0.16228926	0.055403236	0.036408003	1.6335503031732515	1
16	27	train	0.009905517	0.086791284	0.126429	0.038165912	-0.007153873	0.051412754	0.0032126312	0.004777448	0.021577062	0.05771576	0.00046628248	0.045366235	0.02811859	0.062395442	0.045899738	0.030017681	0.045038477	0.0027160367	0.09703127	0.11452815	0.045415442	0.0071900147	0.2896604	0.004390266	0.013084508	0.013246455	0.058232002	0.011604792	0.0018996189	0.10471042	4.8454873e-05	-0.000999576	1.4128941996241338	1
2	21	train	0.015307203	0.042828944	0.15627103	0.030176982	-0.0025859058	0.010158562	0.03144859	0.019176831	0.005648928	0.020855704	0.009954476	0.14619204	0.087743424	0.00015434477	0.03130736	0.05257569	0.048270706	0.0029290968	0.06574471	0.010609953	0.03822242	0.109550975	0.29904324	0.111505866	0.020086925	0.048794556	0.11155228	0.012795515	0.10556715	0.15289377	0.06965408	0.056154385	1.9205898302025162	1
13	30	train	0.124982566	0.07512269	0.11892642	0.03225783	-0.03131155	0.002914256	0.06911833	-0.003331355	0.015954306	0.05232812	0.048573233	-0.00073666114	0.05010413	0.024005057	-0.008928276	0.12183553	0.051285792	0.06065762	0.20629822	0.08376589	0.019694457	0.05082606	0.1485355	0.0045130798	0.004522371	-0.002445943	0.09096794	-0.0025201156	0.043189403	0.07372899	0.06607406	0.0939386	1.6848465494113043	1
1	26	train	0.026300801	0.057201304	0.13916963	0.0020047522	-0.02402012	-0.014726546	0.01752487	-0.023813551	-0.011330227	-0.02765497	0.06797485	0.04052158	-0.017471658	0.0045712083	0.039498903	0.04963552	0.015319119	0.0055674375	0.00076760404	-0.009979726	0.06335459	0.06614558	0.25723463	-0.0034398143	-0.012433816	0.025523746	0.10685049	-0.0004424253	0.033307925	0.14716427	0.08611449	0.026329208	1.1327696542721242	1
3	27	train	0.0044464176	0.1025244	0.13550119	0.03140105	0.002273296	0.019509982	0.0019595793	0.006734145	0.0044700867	0.007833546	0.00283664	0.07098444	-0.039159518	0.015129026	0.045242835	0.031114712	0.031926893	-0.0033284244	-0.01944867	0.09720718	0.03587863	0.028438015	0.2968333	0.008865208	0.0013589589	0.020758474	0.07524732	-0.009064327	-0.013620862	0.10020159	0.03496467	-0.0072708777	1.1217489100527018	1
3	26	train	0.012032988	0.06760228	0.106230594	0.05829854	-0.0029670682	0.01988132	0.017012982	-0.0065832394	0.0030484775	0.0032602127	-0.021956138	0.0577054	-0.016262066	0.0045963344	0.054682985	0.04269017	0.010783064	0.0017267457	0.00021703802	-0.027683469	0.05919114	0.056598745	0.28135026	-0.0035769886	0.0015303204	0.026520936	0.06335722	-0.004587835	0.027040496	0.15193464	0.04206433	0.021549024	1.1072894273529528	1
6	26	train	0.05359888	0.039893873	0.10402105	0.050926957	0.026786003	0.021693809	0.08152894	-0.00573221	0.005658712	-0.01825275	0.05552387	0.052208174	-0.019835023	0.003226987	0.041902523	0.06475383	0.007563074	0.0034969563	0.00071531796	0.024548685	0.055133235	0.09265601	0.24417152	-0.0027541134	-0.0077914987	0.021108324	0.07641845	-0.011225096	0.032756004	0.20332472	0.053635392	0.04030103	1.3919616297935136	1
8	26	train	0.051960856	0.023059461	0.114856675	0.041869316	0.07437727	0.05952504	0.12145959	0.036588542	-0.01244277	-0.00015529322	0.10266518	0.026577884	0.0043282835	0.012244871	0.08355847	0.06912621	0.0034516566	0.0007594598	-0.0006089407	0.041918922	0.08353417	0.07309251	0.24743456	0.0015819947	0.012546939	0.008011457	0.052566443	-0.0046140933	0.0028944402	0.20547573	0.04494447	0.023694554	1.6062838576472132	1
7	26	train	0.05567307	0.047367956	0.07376151	0.1148509	0.037296407	0.029231662	0.12049214	0.013900843	-0.018954173	-0.000614081	0.014861024	0.05516157	-0.023661716	0.0041429517	0.055203706	0.0735811	-0.0004077205	-0.00090211094	0.00027942884	-0.0013644947	0.0569558	0.10278719	0.2539892	-0.0020983242	0.0010399688	0.0041229264	0.03793724	-0.006013513	0.02005783	0.16392869	0.04439582	0.0149443345	1.3419471152010374	1
11	30	train	0.09897188	0.054523733	0.10547143	0.008071415	-0.006987589	0.058997944	0.10474166	-0.0053889793	-0.00096759456	0.046955723	0.07202793	-0.0021636365	0.06774334	0.0056001823	-0.0061005815	0.15910773	0.06683909	0.006329452	0.17258595	-0.08439024	0.0064283186	0.034116108	0.17250189	0.010577363	0.005644372	-0.0027532917	0.120746106	0.023431651	0.054240175	0.22203623	0.091579325	0.012944319	1.673461410915479	1
13	28	train	0.17815061	0.06671481	0.15348755	0.031637758	0.007339349	0.004503661	0.101839066	0.0038833506	0.006529873	0.04306802	0.083926916	-0.000103712824	0.05735389	0.051232312	0.014090871	0.119294874	0.009296268	0.07632651	0.23044513	0.014972637	0.029748451	0.11990499	0.119991	0.018938258	0.004731734	-0.0019266037	0.08979592	-0.0022517873	0.033335555	0.07176213	0.057806704	0.06679725	1.8626233376126038	1
9	23	train	0.036782473	0.04513037	0.090653546	0.14793295	0.037003513	-0.011202564	0.14163503	-0.005520062	0.006521731	0.0140191745	-0.0028178135	0.14515129	0.06589788	0.00029633907	0.028718403	0.052045356	-0.0010749554	0.010332766	0.018301873	0.03570444	0.018721718	0.15310334	0.2400503	0.04237687	-0.0023328664	0.013552286	0.013501279	0.013100193	0.05080634	0.14015964	0.02417819	0.008314311	1.57104332887684	1
13	31	train	0.21387234	0.090818875	0.1817457	0.04255675	-0.009575165	-8.4160456e-05	0.033863623	-0.0012758287	0.03771059	0.041813593	0.08408151	0.00088166137	0.044109095	0.06749193	0.009871715	0.13000144	0.020333141	0.09811205	0.224184	0.08837731	0.03749467	0.1476591	0.10464914	0.026673209	0.004373233	0.0010238471	0.11154208	-0.001084773	0.032769825	0.025526296	0.08159777	0.14523046	2.1163450235835626	1
5	23	train	0.03816274	0.062825434	0.1492566	0.08992384	0.013574369	0.003050891	0.10648189	0.0036580751	0.0007720885	-0.0034272892	-0.00900815	0.15184069	0.07082614	-0.00017157514	0.008659505	0.04926454	2.0854915e-05	0.008388519	0.03188576	0.07891355	0.013873658	0.14414328	0.1955431	0.11692862	0.016446082	0.030859727	0.022994779	0.021609982	0.0945322	0.13789418	0.02790226	0.0091927955	1.6868191369121632	1
12	28	train	0.19918394	0.0880868	0.15299922	0.031888016	-0.0049745245	0.011641466	0.0922948	-0.011230628	0.0045203436	0.07677596	0.08197019	-0.00041842766	0.10158184	0.05093748	0.0004397949	0.12912847	0.013501332	0.1171723	0.322238	0.020369891	0.01654976	0.12192118	0.10259761	0.033347137	0.0039935005	-0.0031527262	0.11313245	0.012361038	0.054400466	0.07361992	0.057663128	0.09613125	2.1606709774641786	1
11	26	train	0.0764694	0.053943608	0.099284016	0.01727389	0.0049137357	0.083381206	0.11082956	0.0064252974	0.0016023366	0.020527577	0.09929315	-0.0038826098	0.017706953	0.004491808	0.020799706	0.11185484	0.011994066	-0.0010086339	-0.0013406443	0.03274541	0.017842688	0.07138446	0.17785086	0.0022482572	0.0063475356	0.006042314	0.08851801	0.014460848	-0.024467502	0.2271883	0.07875186	-0.0054006334	1.4280716663924977	1
18	29	train	0.02360377	0.1805273	0.13231975	0.06038623	-0.0037110315	0.12998797	0.00086189585	0.037165377	0.14678569	0.1821995	0.04888151	0.085552886	0.12364975	0.18693492	0.03209659	0.03818422	0.10264695	0.019115226	0.38531604	0.26532915	0.037714813	-0.0018451016	0.23670565	0.023672186	0.005101388	0.057714727	0.050906736	0.034946624	0.02203669	0.12060144	0.0066624503	-0.009178946	2.7628723439993337	1
5	22	train	0.026355973	0.084104665	0.18403196	0.011358154	-0.0042233807	0.006481536	0.055012513	0.01689343	0.0012390814	0.0039727213	0.02898879	0.13869919	0.0487122	8.286803e-06	0.013613288	0.03860762	0.0003419655	-0.0018126521	0.042458396	0.044040997	0.029121282	0.107158124	0.16813111	0.10045844	0.09082585	0.039947733	0.068128	0.014690427	0.110588856	0.16636254	0.08599018	0.03969357	1.759980854269088	1
4	26	train	0.0547283	0.058355514	0.09375363	0.030989477	0.012540281	0.0022007094	0.07722366	-0.007838943	-0.0043112948	-0.029289382	0.06280192	0.04992598	-0.01785962	0.003851716	0.04063675	0.06035697	0.0055836355	0.0044061136	0.00076069497	-0.0070876367	0.06558576	0.08582005	0.23330654	-0.0029589147	-0.0102088405	0.01196721	0.08991324	-0.008609982	0.028319588	0.18979357	0.07851669	0.036783997	1.289957390865311	1
2	19	train	0.026006185	0.04342511	0.15653597	0.022307655	0.007564699	0.032409772	0.0026637444	0.02229664	0.024196496	0.05641781	0.017454715	0.16053449	0.11502898	-0.0021181302	0.015248751	0.059791528	0.07289269	0.008627923	0.10487388	0.004012529	0.041567244	0.101343475	0.37036	0.08825573	0.012388482	0.050107438	0.1657343	0.009616754	0.11172741	0.14532146	0.08360632	0.062862374	2.193062406266108	1
2	20	train	-1.9817513e-05	0.048970204	0.17999904	0.02046845	0.0059291576	0.029235436	-0.002432547	0.03467883	-0.0018784936	0.0127877155	0.0010932661	0.18697917	0.073746055	0.00025922144	0.03171545	0.049713306	0.06125992	-0.0005694158	0.09701629	0.02300529	0.027804257	0.08713899	0.3511292	0.14906366	0.016597522	0.059282724	0.12572034	0.016027372	0.12737621	0.12658389	0.057263773	0.03458616	2.0305306360369286	1
4	24	train	0.045744117	0.05602496	0.11192888	0.028437579	0.003349521	-0.00015373556	0.05659136	0.004533173	0.0010113504	0.032190252	0.053758822	0.113907106	0.07470142	0.00075760443	0.028921174	0.07139965	0.016518205	0.010766448	0.0725917	-0.0015382686	0.048009764	0.120737925	0.25222695	0.04784404	0.017624473	0.02477514	0.12684318	0.005328998	0.076577306	0.18789548	0.09798397	0.08961469	1.876903242795379	1
1	21	train	0.011352821	0.054225277	0.19373131	0.0012687035	-0.0034166367	0.00528984	0.010077567	0.025916131	0.0026902307	0.02602319	0.03794642	0.081466734	0.04974532	-0.00027107727	0.02661781	0.04065682	0.06123145	0.0073324004	0.050046716	0.0072138347	0.056020588	0.07646023	0.25970152	0.0901159	0.030187773	0.06169943	0.13963684	0.00042982242	0.08433149	0.13874213	0.09389943	0.051262856	1.7716328746755607	1
10	25	train	0.054906037	0.061460122	0.090500206	0.070222616	-0.010260355	-0.0011421813	0.05486792	-0.00094796263	0.0025443737	0.033977773	-0.00016948683	0.057218872	-0.013438821	0.0049513606	-0.005562772	0.083130166	0.018571235	0.013638662	-0.01439814	0.12699011	0.009643294	0.064022295	0.21615028	0.039205845	-0.0052166735	0.0045559998	0.052400835	-0.006581546	-0.01780018	0.122474715	0.019333865	-0.007970586	1.1172778824402485	1
11	28	train	0.14107488	0.048421327	0.13612242	0.007916264	0.0016378734	0.0911748	0.15432653	0.006281917	-0.0003960228	0.038646337	0.12445295	-0.0003046134	0.07754539	0.011952077	0.00962812	0.15578984	0.012115522	0.007964456	0.19278689	-0.015084237	0.009709966	0.08048414	0.1393517	0.044385836	0.005905678	-0.002168694	0.11919043	0.020936776	0.041865047	0.21611297	0.08012069	0.0092043625	1.967151614575414	1
5	25	train	0.045729626	0.07357875	0.10780638	0.06359889	0.0032054603	0.0011522174	0.0930753	-0.00084951497	0.0005391065	-0.0026499717	0.0005101901	0.12293211	0.053639363	-0.0002638088	0.007460445	0.06652653	0.00014679648	0.0036913045	0.010912705	0.07992392	0.012137137	0.10834557	0.19272599	0.090923116	0.015333499	0.020443749	0.036601316	0.009553795	0.041784763	0.14525197	0.04908818	0.004766887	1.4576217775320401	1
18	27	train	0.016759278	0.15832818	0.14885707	0.03404765	-0.008376313	0.06586693	-0.0048953523	0.028193772	0.066373296	0.09696797	0.008483012	0.060024336	0.068975955	0.10279969	0.03987456	0.034833953	0.04676316	0.013551358	0.18362133	0.27897522	0.03647543	-0.0037720518	0.2534629	0.007747424	0.004238083	0.021056574	0.07131441	0.026364114	0.0108430395	0.09312307	-0.015446281	0.004722869	1.9501546507235616	1
12	32	train	0.23723689	0.099293284	0.17731631	0.05074287	0.00043178356	0.0038114428	0.060640488	0.0016622511	0.026769066	0.08261013	0.084799334	0.0017165506	0.06679451	0.07015137	0.00040483495	0.15667695	0.0060015726	0.15150216	0.31936508	0.0934356	0.01935062	0.15638034	0.091612056	0.052788813	0.003929688	-0.0035674993	0.12909551	0.0050400766	0.05467963	0.03624735	0.08767868	0.18382204	2.508419767167652	1
2	23	train	0.028898407	0.036321737	0.13708451	0.07526981	-0.01470895	0.008214197	0.061721597	0.004095398	0.01090085	-0.030726945	-0.0067408723	0.1834504	0.09291282	-0.0009068716	0.019510748	0.05229391	0.0019427127	-0.01033534	0.05140514	0.033505764	0.020772768	0.13572603	0.30499086	0.118091404	0.0058862926	0.037895624	0.039672785	0.024655597	0.08860787	0.13517958	0.024113555	0.015343151	1.6850445484160446	1
13	25	train	0.09429666	0.06997897	0.09874134	0.07707166	0.0042068046	-0.0004517948	0.0721481	0.00021438346	0.008452614	0.024522042	0.0014336134	-0.002700059	-0.029903362	0.010315078	0.011013871	0.09423341	0.010420914	0.019766476	-0.027959108	0.07514572	0.02298148	0.114479855	0.15541324	-0.020695793	-0.0033735682	0.0066760606	0.04933465	0.001287181	-0.018300783	0.06623748	0.03773404	-0.010811668	1.0119094953552121	1
10	27	train	0.020777145	0.098995924	0.13087809	0.033880074	0.041145988	0.010217967	0.0064062723	0.01796596	-0.01166168	0.07616142	0.0010227454	0.03446037	0.014172732	0.03042097	-0.012720448	0.055071775	0.048560422	0.012855993	0.07395045	0.19287185	0.013903798	0.029883076	0.22471157	0.0045038275	0.0069836713	0.002867262	0.08412555	0.01571185	0.009545319	0.0919943	0.024198877	0.0097491415	1.393612258369103	1
7	25	train	0.0543646	0.044599157	0.065058775	0.12821935	0.0071257455	-0.003206533	0.11886506	0.00075028243	0.0060639773	-0.0006582608	0.0003181745	0.11266854	0.054027572	0.0022195282	0.019973524	0.08095315	-0.000461674	0.0018447454	0.004875183	0.0031546466	0.023944682	0.11064643	0.25775728	0.045270264	-0.00068984914	0.005127769	0.02806538	0.0049768738	0.018841168	0.14393231	0.029483635	0.004122491	1.3722339679661673	1
15	29	train	0.031345192	0.17471886	0.07881979	0.056448445	-0.017097037	0.19016609	-0.0012921414	-0.0049017775	0.14499216	0.11117664	8.464457e-05	0.059105776	0.041824926	0.07790545	0.025466397	0.07056024	-9.712905e-05	0.0018198215	0.20156689	0.039583743	0.016227853	0.010469239	0.19281432	0.0054479362	0.0032521563	0.031422257	0.03228719	0.02353831	0.013136413	0.17775127	-0.019655036	0.007584978	1.7764738564292202	1
12	27	train	0.039895974	0.14882642	0.1423418	0.03747864	0.011434349	0.010447507	0.0076343953	0.0117502725	-0.026818717	0.09798669	-0.008449254	-0.006560574	0.055855457	0.06301074	0.0007860741	0.06757337	0.039574496	0.028603071	0.20080148	0.15527217	0.018433737	0.054333165	0.13814852	-0.0041863117	0.0038116507	0.006875398	0.099786624	0.016868118	0.016015135	0.051040895	0.047111813	0.019031579	1.5447146695805714	1
5	21	train	0.02021443	0.07408091	0.17014673	0.03605204	0.002386441	0.003773061	0.054255005	0.017129054	0.00040010386	0.0023262491	0.013302642	0.1210022	0.06688558	2.9201186e-05	0.013895225	0.049529996	0.00051818346	-0.0023773562	0.04078036	0.024988806	0.025527883	0.11634494	0.19172981	0.110407926	0.05612212	0.039735105	0.06465692	0.011214932	0.112625375	0.1559641	0.08059808	0.033644706	1.7078907753202657	1
14	30	train	0.06650767	0.07956075	0.13119596	0.024176639	0.05059981	0.046948113	0.0023807017	0.02172996	-0.013134268	0.105090186	-0.016553786	0.01177455	0.11028058	0.029511547	-0.006070569	0.074503936	0.1221813	0.044822864	0.27537185	0.17811717	0.019267797	-0.0003990389	0.24277508	-0.009112807	0.011718324	-0.0062760976	0.10580978	0.027131407	0.07299109	0.13428423	0.0020345396	0.06558498	2.0048042396083474	1
14	29	train	0.02674302	0.13611433	0.14002763	0.049428064	0.012078236	0.12849814	-5.1085113e-05	0.03493605	0.07053254	0.20741616	0.016988633	0.037045695	0.124432385	0.14168014	0.013784023	0.041846756	0.14249423	0.019421106	0.4022312	0.23081349	0.033518583	-0.00020520811	0.24661851	0.014668076	0.01408633	0.029549237	0.065762326	0.04385135	0.033707276	0.11735462	-0.0006272707	-0.017943867	2.556800680638844	1
1	22	train	0.014802033	0.061562408	0.20954122	0.0003997036	0.0060465597	0.009087129	0.01021827	0.02555963	0.008331374	0.04444188	0.08269191	0.09338153	0.036229096	-7.692714e-05	0.02607773	0.031691164	0.040408555	0.0055907024	0.052106045	0.012713872	0.06390625	0.07042278	0.22773665	0.08199505	0.048854712	0.06202959	0.14713319	0.0005630239	0.08280659	0.14799234	0.1001814	0.06047923	1.8649046895006904	1
12	30	train	0.13973862	0.099188134	0.11854805	0.03251299	0.021222599	0.00753303	0.06264062	0.009634261	0.011044465	0.093283646	0.047440767	-0.002972047	0.088741496	0.023866912	-0.00027866338	0.13187855	0.07448435	0.09311827	0.28847265	0.11396135	0.010956488	0.051680695	0.12700443	0.0079467865	0.003816802	-0.004002582	0.11460905	0.013834008	0.07048101	0.075637706	0.065909944	0.13519171	2.12712609974551	1
1	20	train	-1.4697962e-05	0.062000666	0.22314724	0.0008605365	0.0078339195	0.0152236875	-0.00077949924	0.046865985	-0.00089460885	0.015956169	0.004167526	0.10419569	0.041809645	-0.00045527323	0.026964776	0.038443334	0.07770829	-0.0014254171	0.07385152	0.015641574	0.040751234	0.060817964	0.30493516	0.120469056	0.0249437	0.074961446	0.15737186	0.0005383858	0.1017535	0.11486746	0.07719628	0.031573407	1.8612805230332015	1
13	27	train	0.03568306	0.112717524	0.14279611	0.037184507	-0.016870093	0.0040417616	0.008423873	-0.004063034	-0.038741037	0.05496633	-0.008650946	-0.001626125	0.03153642	0.06337545	0.025185533	0.062427413	0.027248804	0.018632155	0.14360109	0.1141309	0.03313493	0.053434666	0.16156885	-0.0023774588	0.004516267	0.0042014965	0.079203025	-0.0030728336	0.009813765	0.049752884	0.047229115	0.013224182	1.2626285833539441	1
17	29	train	0.017342428	0.17437953	0.15676767	0.04314451	0.0003050795	0.11083251	0.0007756557	0.037200056	0.12966073	0.17259681	0.026209226	0.06678278	0.1011851	0.15595056	0.023773154	0.040394425	0.09078664	0.01589777	0.30739155	0.24774517	0.033204168	0.0014034121	0.2129084	0.01647982	-0.00047166576	0.053105246	0.055787183	0.03420912	0.014685221	0.1017924	-0.008122709	-0.008943765	2.425158191996161	1
15	26	train	0.06022933	0.10103904	0.069516286	0.0590901	0.050367534	0.09819417	0.063717216	0.0036351755	0.044711705	0.024625339	-0.00011369892	0.033711333	0.009688979	0.0130157685	0.038239032	0.088316314	-1.4944881e-05	-0.0006693016	-0.0010719417	-0.0118527645	0.025892286	0.0425971	0.19569504	-0.00071941514	0.0030424858	0.014646432	0.038083546	0.008987843	-0.012831917	0.20811324	0.05482118	0.011566665	1.3342691512243618	1
4	19	train	0.040135402	0.05608947	0.13073115	0.014497456	-0.005218069	-0.0025220173	0.0037613402	0.009918958	0.0043847524	0.07455709	0.06147377	0.11022119	0.066662714	0.0031345633	0.013338107	0.056224156	0.03370219	0.017093033	0.07911437	0.0019375536	0.06306846	0.0917705	0.2917172	0.061354168	0.015286487	0.029707115	0.17457463	0.0062866905	0.07588572	0.1700699	0.10276408	0.08017354	1.931895662448369	1
17	27	train	0.012313564	0.15293638	0.17636049	0.024326228	0.00068860676	0.05616056	-0.0044055297	0.028220078	0.058629762	0.09185736	0.004548411	0.046855137	0.05644442	0.0857607	0.029534103	0.036850233	0.041359928	0.011270407	0.14648663	0.26048687	0.032113012	0.0028690796	0.22798099	0.0053935093	-0.00039184603	0.019374855	0.078151345	0.025807735	0.0072257873	0.078599565	0.018831758	0.004601861	1.8172419813054148	1
4	21	train	0.02362364	0.05531944	0.13050988	0.01961163	0.0017837372	-0.0007905045	0.04440698	0.00853107	0.0010236668	0.027561164	0.035058673	0.100373834	0.050849926	-0.00022841064	0.027384594	0.04943884	0.02231813	0.0058029196	0.049596254	0.005123291	0.05799348	0.09920271	0.23554395	0.07751734	0.024785807	0.028928747	0.11750252	0.008364718	0.071701646	0.17893179	0.08561478	0.07161829	1.7150045277667232	1
15	25	train	0.058813773	0.095133	0.06131443	0.06596809	0.009623078	-0.010771294	0.0628568	0.00019620452	-0.014304542	0.026397	-2.434294e-06	0.06885603	-0.022123165	0.0069730156	0.013835452	0.097164676	-1.6922531e-05	0.0013686687	-0.018702121	0.027403027	0.010885327	0.04585413	0.19859828	0.015521012	-0.0020181916	0.01821607	0.028173616	-0.0074384743	-0.012053563	0.18272713	0.036407202	0.003190739	1.048046037919903	1
3	25	train	0.011750179	0.06365072	0.09369701	0.06508439	-0.00056687964	-0.002180858	0.016783245	-0.00035532296	-0.00097529433	0.0034947675	-0.00047008094	0.117864355	0.037131708	0.0024624218	0.01978512	0.046967275	0.012209983	-0.003531058	0.003786653	0.06400286	0.024884436	0.060926355	0.28552425	0.07717169	-0.0010151172	0.032984637	0.046870686	0.0037969612	0.025400283	0.13340132	0.027935274	0.005944437	1.2744164030300453	1
13	26	train	0.09656623	0.0743234	0.11194968	0.06903599	0.022018565	0.004118689	0.0731357	0.0039719855	-0.026420332	0.02287622	0.06695999	-0.0013219261	0.013096365	0.019254034	0.030440623	0.08565199	0.0092030745	-0.009666134	-0.0016025207	-0.032503147	0.054664694	0.10634832	0.1531413	0.0009592717	0.005085758	0.005367813	0.06668787	-0.0015552896	-0.019482547	0.07543978	0.0568191	-0.039193094	1.0953714556526393	1
6	21	train	0.023136122	0.037818305	0.14480267	0.032229025	0.0038100576	-0.0077925115	0.046882704	0.006238326	-0.0013435953	0.017175747	0.03099576	0.10496209	0.0564743	-0.0001913636	0.028237583	0.053040344	0.030230066	0.004605545	0.04663774	-0.017744994	0.04875095	0.10710466	0.24651313	0.072151974	0.018916799	0.051025875	0.09986695	0.010905338	0.0829341	0.19168854	0.058484152	0.07846593	1.7070123098383192	1
16	26	train	0.026806515	0.05722822	0.09911816	0.07085805	0.009337117	0.0523913	0.027891923	-0.0046703895	0.014714969	0.024020495	-0.003609116	0.036879588	0.0116770165	0.018956298	0.055476952	0.041185014	0.015211401	-0.0014090466	-0.0010828234	-0.03261628	0.074924596	0.014309923	0.2745515	-0.0017714114	0.014734433	0.016923614	0.049030554	0.0058736713	-0.0037711738	0.15877134	5.829375e-05	0.0029624877	1.1249631915125065	1
1	24	train	0.021983268	0.054916844	0.16614932	0.0018396663	-0.0064157974	0.0010287563	0.012842647	0.013771109	0.0026578628	0.030393966	0.058186885	0.09245079	0.07307869	0.0008991233	0.028111365	0.058716644	0.045318928	0.013604171	0.073251024	-0.0021659546	0.04637651	0.093058445	0.27809554	0.055619925	0.021465655	0.052840587	0.15073706	0.00027383142	0.09006597	0.1456925	0.10746555	0.0641443	1.8464551831712015	1
3	21	train	0.0051940763	0.06408512	0.14787847	0.036894117	-0.0004220376	-0.007141457	0.009783208	0.007164496	-0.00072382553	-0.003067844	-0.01225684	0.116014	0.04630137	-0.00027256727	0.036850173	0.034967832	0.043100562	0.0022741507	0.014150578	0.020010967	0.052339107	0.06542467	0.2840484	0.093709566	-0.0037154292	0.064109966	0.08279796	0.0044571464	0.06846315	0.14323948	0.04586704	0.04195586	1.503481465333607	1
15	28	train	0.11111433	0.09069554	0.09530965	0.027079765	0.016788783	0.10737232	0.08872414	0.0035540566	-0.011050645	0.046361007	-0.00014250899	0.0026448509	0.04243167	0.034633156	0.017700732	0.12300571	-1.5096218e-05	0.005284994	0.154147	0.005459999	0.014090546	0.04802713	0.15333317	-0.014202931	0.0028306956	-0.005256865	0.051279895	0.013012825	0.021956014	0.19796781	0.055774055	-0.019713202	1.4801985991189213	1
12	31	train	0.23912315	0.119912565	0.18116747	0.04289338	0.006489934	-0.00021754549	0.030689955	0.0036896896	0.026105382	0.074539736	0.082121186	0.003557048	0.078123435	0.067103535	0.0003081094	0.14071758	0.02953061	0.15061627	0.31348288	0.12023507	0.020859163	0.15014197	0.08947964	0.046967108	0.003690932	0.0016754406	0.14053008	0.0059547895	0.05347725	0.026187126	0.081395105	0.20900838	2.5395564270438626	1
4	22	train	0.030800968	0.06280462	0.14116046	0.006178622	-0.0031567516	-0.0013579647	0.045026995	0.008413718	0.0031701932	0.0470684	0.076399	0.115053855	0.037033573	-6.4819076e-05	0.026828956	0.03853657	0.014728433	0.0044245264	0.051637042	0.009029437	0.06615686	0.09136947	0.20655248	0.070531815	0.040112384	0.029083548	0.12381058	0.010956936	0.07040512	0.19086151	0.0913425	0.0844943	1.7893933246814413	1
4	25	train	0.053442035	0.05494446	0.08269214	0.034596603	0.0023959104	-0.00024140425	0.07618086	-0.0004230982	0.0013793054	-0.031396598	0.0013445892	0.10197475	0.040779456	0.0020635028	0.014702983	0.066404104	0.0063225157	-0.009010154	0.013271812	0.016386278	0.027572785	0.092381954	0.23676777	0.06383707	0.0067718956	0.014883867	0.066516414	0.0071257506	0.026601788	0.16664214	0.052143592	0.010147103	1.2992021780810319	1
1	19	train	0.019287886	0.054980077	0.19405976	0.0009378605	0.009994884	0.016876651	0.0008535855	0.030132327	0.011523276	0.07039664	0.066537306	0.08945918	0.06521461	0.003720093	0.012964632	0.04623683	0.09246446	0.021598259	0.07983294	0.0027281665	0.06092292	0.07073187	0.32163593	0.071325794	0.018618114	0.063359536	0.20745982	0.00032304262	0.08925257	0.13187072	0.1127082	0.05738652	2.0953944724751636	1
1	27	train	0.009718646	0.08675047	0.1775162	0.0010798096	0.018403636	-0.014451488	0.0020185392	0.024359422	-0.016613899	-0.06644858	-0.008782063	0.049846318	-0.042072248	0.015046323	0.032680042	0.036176827	0.045357414	-0.010731629	-0.06878462	0.03504261	0.038402297	0.033234816	0.27139056	0.008525236	-0.011041508	0.019977953	0.12690286	-0.0008741133	-0.016777895	0.09705551	0.07158	-0.008883764	0.9356036947574466	1
9	26	train	0.045136515	0.0561363	0.074236855	0.093717456	0.045735177	0.038569406	0.12549715	0.023750829	-0.014233694	0.010112082	0.007454045	0.05753499	-0.021857085	0.0008504974	0.06838258	0.06388149	-0.006682282	-0.0022234875	0.00035901408	-0.015641145	0.038958292	0.10690622	0.23313333	-0.0015273617	0.0032789507	0.0072186855	0.0290494	-0.0069979494	0.02390739	0.16814955	0.06405048	0.01562897	1.3324726409628056	1
13	32	train	0.21218526	0.07520233	0.17788224	0.05034464	-0.0006370479	0.0014745089	0.06691136	-0.00057477667	0.038669314	0.046340737	0.08682359	0.00042546974	0.037712693	0.07055741	0.012970767	0.14474544	0.0041323504	0.098689124	0.2283906	0.068678685	0.03478304	0.1537943	0.10714306	0.02997943	0.004656125	-0.0021800678	0.10246619	-0.0009181414	0.03350662	0.03533265	0.08789699	0.12772961	2.1351145053922664	1
14	27	train	0.018988224	0.119376585	0.15752828	0.027869092	0.027262254	0.06511201	0.00029015064	0.026502598	0.03189328	0.11038848	0.0029482478	0.025991447	0.06941254	0.07791307	0.017124305	0.038175136	0.0649165	0.013768205	0.1916822	0.2426844	0.032417096	-0.00041951923	0.26407754	0.0048005627	0.011702509	0.010780709	0.09212537	0.033081934	0.016585492	0.09061602	0.0014542699	0.009232708	1.896281691180775	1
2	8	train	0.042682793	0.015199505	0.1283318	0.025878154	-0.0253694	-0.029093523	0.08527866	-0.03007942	0.014076844	0.0002624825	0.02776994	0.064961314	-0.021424735	-0.006778688	0.06655945	0.06524564	0.014773064	0.0011951078	-0.047206257	-0.033411447	0.05763905	0.09102307	0.32817984	-0.055831514	-0.014210644	0.015145618	0.079456784	0.0064022657	0.0061673243	0.18477352	0.04378911	0.040071815	1.1414575205999427	0
21	29	train	0.009698	0.11235894	0.15858027	0.046641834	-0.002573433	-0.040251587	-0.0009083346	0.031454347	-0.016192025	-0.055706814	-0.0273974	0.10486809	-0.076519474	-0.0016687777	0.026175067	0.04450362	0.07329888	-0.005061023	-0.15947196	0.044455495	0.034718122	0.021620847	0.22214775	0.02392631	-0.018957468	0.055373423	0.06256752	-0.02415073	-0.050720304	0.14521904	-0.025631981	0.021774057	0.7341703101992607	0
11	2	train	0.06281512	0.035556603	0.110932134	0.010676467	-0.0016760299	-0.04075349	0.07781515	-0.0052822335	-0.001812767	-0.03469649	0.02685784	-0.009489823	-0.087648325	-0.0024866383	0.016568242	0.10557559	0.05133451	-0.0015872153	-0.10392932	-0.026099706	0.012311556	0.088896014	0.2358889	-0.079345144	-0.007189209	0.011422964	0.13379936	-0.020065088	-0.052134093	0.2042985	0.076727435	-0.009133456	0.7781473587965593	0
2	27	train	0.013103816	0.06851843	0.14319131	0.02568401	0.013928922	-0.027752511	0.0062991614	0.018024934	-0.034885753	-0.05325372	-0.0023037966	0.08944921	-0.07420926	-0.008567008	0.03843764	0.046782352	0.035756696	-0.004286997	-0.090360075	0.051539917	0.026201595	0.047618303	0.312503	0.010548792	-0.007347013	0.015799424	0.10137943	-0.026021745	-0.021002766	0.10695513	0.053097647	-0.009731458	0.8650976300705224	0
4	6	train	0.06794903	0.03396463	0.097065344	0.020456111	0.0063022566	0.00082509615	0.0808296	0.002096395	-0.0011601079	0.040770765	0.05289427	0.087613225	0.05689947	0.0026437056	0.029195728	0.057472162	0.014966337	0.010901979	0.041832298	-0.009448199	0.057720102	0.10448634	0.25508478	0.06757053	0.010888964	0.023658518	0.12167164	0.0101819495	0.047404923	0.21397701	0.06423083	0.08692543	1.757871106849052	0
12	29	train	0.0561895	0.1696933	0.1265283	0.06647137	0.00506586	0.020618089	-0.0013441431	0.015489354	-0.059310056	0.18411364	-0.04868698	-0.009350807	0.10012929	0.11458116	0.0006327418	0.07407246	0.086867556	0.040346816	0.42136735	0.14767703	0.01906009	0.026577104	0.12901506	-0.012791238	0.004588091	0.01884503	0.0712312	0.022359323	0.032548122	0.06610183	-0.020320754	-0.036988072	1.8313776037539355	0
22	31	train	0.053810395	0.090140805	0.24559037	0.009482203	0.0058345785	0.0007295731	0.021028986	0.007389612	0.022071404	-0.03851608	0.10070335	-0.045726154	-0.04348079	-0.00027734297	0.01248716	0.06590096	0.01644413	-0.014405263	-0.12352356	0.063790396	0.043343484	0.112497985	0.13510898	-0.07993615	-0.024680832	0.004949386	0.13006443	-0.008425114	-0.08182765	0.06136614	0.10953799	-0.14515927	0.7063141110120341	0
1	17	train	0.020301659	0.084156886	0.19151694	0.0011735728	0.00040504095	-0.014565543	-0.008605553	0.03065018	-0.021542536	-0.08062784	-0.036300756	0.051880177	-0.065780446	0.025332706	0.024175271	0.036902815	0.075840145	-0.023032658	-0.09646797	0.04020184	0.0535777	0.0049630436	0.24890028	0.06206948	0.000751078	0.059172127	0.12450464	-0.00060883653	-0.024416784	0.097252354	0.029756486	-0.021056386	0.8704791094933171	0
1	5	train	0.028530616	0.06521615	0.16930418	0.0014803082	-0.007561068	0.0026733703	0.021227652	0.017486587	0.00090789056	0.0052137766	0.024570815	0.08197667	0.065925255	-0.00047877454	0.013964436	0.04413515	0.0007038444	-0.0071107955	0.03691068	0.018734228	0.029196268	0.08748039	0.21874425	0.120202065	0.03934604	0.039293703	0.09361286	0.0005380544	0.07571593	0.13499463	0.09708323	0.026678495	1.5466968681430444	0
15	32	train	0.13234209	0.10223391	0.11045778	0.04309158	-0.0014572489	0.035153948	0.058294456	-0.0005260377	-0.06544092	0.049883958	-0.00014742756	-0.010850192	0.027900683	0.047696963	0.016293673	0.14924796	-6.710527e-06	0.0068334243	0.15277271	0.025044724	0.016475212	0.061601266	0.13691515	-0.022483366	0.0027854636	-0.005948459	0.058515526	0.0053058355	0.022068683	0.09747101	0.08480628	-0.03769556	1.298636352106314	0
15	5	train	0.06533565	0.11519627	0.084568724	0.04363211	0.015854722	-0.017825589	0.07717986	-0.0026693547	-0.0035827467	-0.004642602	-4.1098658e-05	0.068199284	-0.03655912	-0.0013632321	0.013519022	0.07852952	-6.8664986e-07	0.0008548398	-0.05154493	0.022250352	0.011932177	0.05633651	0.16641292	0.025139492	-0.009627758	0.022548122	0.033365402	-0.010930542	-0.029169649	0.19090347	0.06180397	0.01172011	0.9973252233980929	0
29	8	train	0.027042024	0.03987491	0.13022818	0.039997526	-0.025247036	0.11527817	-0.002463117	-0.049337067	-0.040349707	-0.0007011062	-0.07643036	0.046598766	0.018684128	0.07329126	0.055648196	0.055228323	0.02243284	-0.0020649603	0.114504635	-0.13999331	0.0523546	0.017964205	0.2437922	-0.011980018	0.013411601	0.01718767	0.044565775	-0.012083874	-0.0029631238	0.17549856	-0.01611394	0.015537986	0.9393939375295304	0
28	4	train	0.10096573	0.052381583	0.12854002	0.014201833	0.004179995	0.0024064085	0.10753142	-0.0076640174	0.0010655507	-0.055141788	0.078715235	0.0039169844	-0.07821397	0.010248882	0.01881063	0.084064335	0.0056401775	-0.034791913	-0.1093892	0.0032649336	0.035691682	0.096759886	0.18280296	-0.05841587	-0.009498194	-0.004295245	0.121069126	-0.012465747	-0.048456147	0.18054122	0.07988144	-0.0626914	0.8316565422574058	0
23	30	train	0.045532502	0.055697013	0.13033643	0.05690402	-0.061323542	-0.011891515	0.08307922	0.0041781594	0.0058185104	0.041583627	-0.018077815	0.041825857	-0.07181227	0.0020423746	-0.00718404	0.07880956	0.002529471	0.041214973	-0.08536383	0.108336836	0.01084623	0.05208832	0.2230351	-0.015742557	-0.0046214294	-0.009134032	0.035802368	-0.028792368	-0.0921874	0.14691621	0.028781138	-0.02174496	0.7674821654800326	0
19	28	train	0.05840663	0.059136733	0.1920819	0.016540423	-0.007392481	-0.072508015	0.0052828584	-0.026516365	0.005286043	-0.06284041	0.08088107	0.005152989	-0.10176996	0.010180836	0.00886134	0.08822979	0.017203495	-0.043293886	-0.19453903	0.0023190274	0.032783553	0.09175374	0.2187907	-0.049370434	-0.010176694	-0.009513091	0.14763854	-0.010034536	-0.08972005	0.15372533	0.087303795	-0.0633504	0.5405334376264364	0
2	3	train	0.009884393	0.044559635	0.118693694	0.03603256	0.0010120396	-0.009717216	0.011945079	0.0054120775	-0.0034488253	-0.0055105356	-0.005938924	0.14104277	0.080496214	-0.0025445037	0.04355835	0.040293653	0.046151433	0.002717257	0.016825205	0.022065088	0.040842224	0.07048317	0.37316325	0.12623852	-0.0017332385	0.050137695	0.09576758	0.006365831	0.0576165	0.13662684	0.04098301	0.03644333	1.6264641644665971	0
13	20	train	-5.3965156e-05	0.08055936	0.17950225	0.02963358	-0.0071811327	-0.0042577283	-0.003253047	-0.00781702	-0.0020860892	-0.013198961	0.004105305	-0.003399152	-0.03133958	-0.0019176211	0.020780947	0.06633855	0.046683833	0.002474796	-0.15417922	0.050943322	0.03516168	0.097782634	0.1815392	-0.033595577	-0.01020263	0.015764888	0.09821943	0.0018926265	-0.05951789	0.058883697	0.050934788	-0.0469995	0.6422017701952427	0
22	23	train	0.019799296	0.059305638	0.1847291	0.024280675	-0.010855376	0.01037037	0.051256757	0.005346901	0.0070851683	-0.02921398	-0.030316496	0.17296527	0.038922373	-2.7567852e-05	0.016171096	0.03537431	0.0011973057	-0.006595284	0.045012474	0.053554207	0.030367358	0.11603711	0.2035817	0.079762086	0.020420572	0.0487156	0.03614135	0.022612838	0.10338498	0.15117109	0.02879269	0.020839753	1.510189366987106	0
20	8	train	-2.9037848e-05	0.024994219	0.18416338	0.017972331	-0.024257394	-0.061534494	-0.005402474	-0.07200766	-0.0009824526	8.9599984e-05	0.006294383	0.06834139	-0.010357574	-0.0012195378	0.05704299	0.053539127	0.017508991	-0.0001944426	-0.058586452	-0.06570099	0.053731244	0.06720536	0.2933178	-0.055404563	-0.02517064	0.023529083	0.07742107	0.005614874	0.008842322	0.16038184	0.04028992	0.02841399	0.8078461882578267	0
14	7	train	0.066268675	0.05439722	0.090667084	0.07702502	-0.024898961	0.033520382	0.0038967996	-0.016802747	-0.019603973	-0.0021515293	-0.00514423	0.039176438	-0.1095534	0.020858467	0.019590419	0.056672655	-0.0031681322	0.004559177	-0.045951635	0.005121005	0.04862247	-0.0011277051	0.28467155	0.033700503	0.0018761365	0.0053184764	0.052109573	-0.010607916	-0.033749547	0.12489284	0.0011846817	-0.023978293	0.7273915006080642	0
17	26	train	0.033323225	0.10084281	0.13826358	0.04516357	-0.0008987582	0.057229478	-0.038248617	-0.027587693	0.039983902	0.038229752	-0.035205573	0.038089957	0.023440097	0.026054874	0.035696547	0.050559446	0.013968999	-0.0058469484	-0.0016347219	-0.07418362	0.052978776	0.005710184	0.21608934	-0.002176206	-0.00044125688	0.024753232	0.06580237	0.013062374	-0.0143448245	0.11917971	0.022655591	-0.01363874	0.9468708620697726	0
11	14	train	0.09102292	0.06194868	0.12203917	0.011584774	-0.003280394	0.09561447	0.0035843053	-0.007766626	0.0016572692	0.071921594	-0.034370903	-0.002757478	0.08198293	0.02261485	0.0073812967	0.08615135	0.09319811	0.0050975326	0.22046685	-0.12289487	0.015232084	-0.0007831776	0.19933556	-0.03610853	0.011451155	0.0077944403	0.12158596	0.025509125	0.041169316	0.17308863	0.0021014565	0.008665355	1.3742372055421583	0
13	2	train	0.07932349	0.04898982	0.12508374	0.04266905	-0.0075103296	-0.002013055	0.051349707	-0.0032653671	0.02989004	-0.038666256	0.018112032	-0.0032310344	-0.0648262	-0.010658919	0.024247823	0.0808437	0.039389092	-0.015210907	-0.124230474	0.02590661	0.037718948	0.13243698	0.20311588	-0.03385447	-0.0057601216	0.010147824	0.10080203	0.0021580355	-0.04151241	0.067839034	0.055358484	-0.066282675	0.7583601067308336	0
19	6	train	0.039307136	0.038344726	0.14504817	0.02382458	-0.011145781	-0.02486115	0.0039710375	0.007253216	-0.005755127	0.04646298	0.05434964	0.11525958	0.0740361	0.002626153	0.013753569	0.060319953	0.045649856	0.013566056	0.074395046	-0.0067108963	0.053017117	0.09908044	0.30530235	0.057107538	0.011666813	0.052398793	0.14837329	0.00819615	0.08777363	0.18219487	0.070198976	0.08783917	1.8728439894039184	0
12	7	train	0.13923647	0.067816846	0.081926346	0.103584036	-0.010443136	0.005378492	0.10253195	-0.007449717	0.01648477	-0.001909812	0.014742623	-0.009888633	-0.088156335	0.016868897	0.00089927856	0.100315616	-0.0019313615	0.0094715655	-0.048137784	0.0032764757	0.027648801	0.14605239	0.14892198	-0.02938839	0.00061108073	0.0033918587	0.05644307	-0.0054088603	-0.032588936	0.07034785	0.038378365	-0.04942696	0.869598830875475	0
28	29	train	0.041448552	0.106391884	0.15618673	0.033775855	-0.0060305623	0.12253158	-0.0021995304	-0.028257495	-0.01685453	0.11145296	-0.06151382	0.0040923683	0.11769715	0.07487876	0.017979799	0.075672634	0.018523894	0.030343808	0.3517304	0.028330274	0.021367025	0.021088444	0.17240632	-0.0180305	0.0072647105	-0.008221663	0.064466655	0.035991274	0.034276903	0.14652525	-0.02391549	-0.019060021	1.6103396161925048	0
3	8	train	0.014483226	0.02274308	0.12143972	0.031638406	-0.0041404604	0.020452712	0.026528977	-0.011237721	-0.0018037367	-3.8610797e-05	-0.03419283	0.051551513	-0.011305628	0.011970917	0.07834347	0.043394554	0.013190761	0.00092788175	-0.010160449	-0.06301586	0.07892688	0.054359674	0.31172404	-0.046920825	0.0026285078	0.019899456	0.05897557	0.0022301436	0.0039996766	0.17310624	0.028835023	0.029939735	1.0184740402364696	0
11	13	train	0.17105214	0.05849306	0.110625975	0.015457055	0.002029933	0.0059351707	0.10406226	0.0011906781	-0.002013099	0.035812307	0.10085342	0.00017251844	0.037247572	0.018395199	0.010856025	0.14088242	0.039120056	0.006898359	0.16516547	-0.057795648	0.015569379	0.09975427	0.121958174	0.0178826	0.0044192644	0.003037677	0.104531206	-0.002369429	0.02436021	0.095034614	0.06824726	0.012411551	1.529277640293003	0
5	6	train	0.058143064	0.04548366	0.12654483	0.037604444	0.008431715	-0.0039381664	0.09875497	0.004209233	-0.00045343232	0.0034411813	0.02007017	0.10561908	0.07484286	-0.00033798488	0.014814213	0.057578124	0.00034748914	-0.004466353	0.034396473	-0.046083502	0.025407547	0.122541584	0.20763579	0.09624069	0.024655713	0.032496177	0.06695102	0.013651371	0.07446129	0.18651094	0.06046715	0.040835667	1.5868570121238008	0
2	7	train	0.04573216	0.031222302	0.08241529	0.07098586	-0.01272146	-0.014287299	0.0845994	-0.011427876	0.021443369	0.001037943	0.004019764	0.13482517	0.11712403	-0.0022935134	0.043973137	0.069450445	-0.0017450408	-0.0014195879	0.02166186	0.0010875695	0.039299827	0.12800224	0.33687344	0.074053735	-0.0011778671	0.007794372	0.05734402	0.008344024	0.042738188	0.14741245	0.04325456	0.025273597	1.5948961103567854	0
11	4	train	0.096942715	0.045926217	0.09264507	0.006938498	0.0011561121	0.003171297	0.10987888	-0.0023498724	-0.0003284994	-0.045851994	0.09459064	-0.0065156072	-0.050794814	0.0036799083	0.014492266	0.09927658	0.02373469	-0.0031444791	-0.07840182	-0.012602921	0.018679874	0.08049883	0.1857999	-0.05515965	-0.008870962	0.006772314	0.14093626	-0.013117003	-0.035409696	0.23909082	0.09430894	-0.011648646	1.0343238437490072	0
16	19	train	0.019658756	0.055005945	0.13821152	0.033148717	-0.0038852177	-0.060040534	0.0013585346	0.0059096483	-0.014965688	-0.061144963	-0.0035327896	0.081418775	-0.04358557	0.0154268155	0.018209072	0.038364958	0.09181429	-0.0054662405	-0.11261662	0.008916342	0.07204885	0.015302122	0.34328827	0.036730856	-0.022063004	0.04201077	0.09519722	-0.0042887377	-0.010105312	0.14227155	7.629592e-05	0.006456969	0.9191315991265583	0
26	31	train	0.0956123	0.083755195	0.16311218	0.047558907	-0.02317802	-0.0011823418	0.036065817	-0.0068847984	-0.03001594	0.023967506	0.08278072	-0.019842211	0.020968823	0.016480431	0.018913805	0.103215784	0.006234066	-0.014345316	-0.0018196965	-0.05007213	0.042969327	0.1056653	0.1526092	0.0033534404	0.006281419	0.0020365585	0.094454885	0.0066204714	-0.032914158	0.061022777	0.09415728	-0.063194074	1.0243875012965873	0
10	19	train	0.04123488	0.062740915	0.14307523	0.029426282	0.022346094	-0.011932686	0.0027090386	0.022223689	0.008088454	-0.08068658	-0.007748831	0.06184602	-0.02196862	0.007521362	-0.00504638	0.07038606	0.09899403	-0.02587371	-0.085828505	0.015015622	0.022057535	0.06359854	0.26631477	0.03768096	-0.011775818	0.009093444	0.1375278	-0.005806566	-0.050777774	0.12499397	0.03810299	-0.062976606	0.9145556162111461	0
20	22	train	-1.3577663e-05	0.07995789	0.24255884	0.00660275	0.004375787	0.036909547	-0.002020111	0.045276254	-0.0012209546	0.01215806	0.004916871	0.17629234	0.030893167	7.880034e-06	0.026286721	0.033628657	0.037754867	-0.00036336094	0.08495149	0.03677069	0.04064657	0.07449828	0.23437911	0.10068158	0.057579692	0.07620915	0.11452947	0.014699476	0.1486187	0.14155854	0.06837557	0.04697647	1.9744764241613666	0
20	31	train	-5.3432064e-05	0.09078251	0.26153716	0.02041458	0.007559277	0.0012222555	-0.0016041932	0.013549549	-0.00236999	-0.013828603	0.005075271	-0.051021527	-0.050178353	-0.001641382	0.012911917	0.079941936	0.031623136	0.0036727956	-0.1750738	0.07847981	0.027638933	0.09715462	0.18090841	-0.11744407	-0.012601268	0.0059812283	0.13911533	-0.008056428	-0.10055057	0.04763066	0.08440614	-0.07578094	0.5794009622259182	0
22	6	train	0.030165333	0.04293544	0.15661964	0.010153717	-0.0067428127	-0.0133863315	0.047537282	0.0061525125	-0.0041609798	0.029332396	0.0675452	0.12031316	0.041129753	-5.430575e-05	0.027664635	0.041343868	0.019949768	0.0035115695	0.048556793	-0.031274293	0.05561331	0.098647475	0.21617153	0.06564995	0.030614208	0.05129892	0.10522825	0.01428489	0.08143446	0.2044688	0.062396806	0.092573054	1.7156739976671815	0
5	7	train	0.060393106	0.054004986	0.08973316	0.08480586	0.011740185	-0.0053065433	0.1459506	-0.010207563	0.0015187969	0.00011577235	0.0053718025	0.1115939	0.089282	-0.0004339202	0.01951671	0.0654272	-1.8732919e-05	0.0011521865	0.013436496	0.0025614689	0.026247457	0.1359405	0.21598443	0.07332457	-0.0032909166	0.0063472283	0.03323722	0.007313318	0.04559567	0.15037273	0.050050694	0.015142588	1.4969029684016277	0
10	14	train	0.06692867	0.0749624	0.12612271	0.04218473	0.035851993	0.011940109	0.0017987564	0.02122984	-0.008225597	0.11105656	0.0027402546	0.019895807	0.027250316	0.046531416	-0.005456074	0.058196712	0.12744085	0.033707127	0.13571143	0.20614573	0.019581834	-0.00065251335	0.23872009	0.029185973	0.014187438	0.0047254423	0.09729371	0.01402818	0.03188486	0.10627367	0.0007768538	0.046360575	1.7383798692026176	0
10	11	train	0.099598385	0.051372442	0.101392925	0.01408345	-0.0049509867	0.015004691	0.07913832	-0.005264951	-0.00060597545	0.049621582	-0.011923246	-0.003655961	0.01673937	0.008829914	-0.0054830485	0.12428266	0.06971632	0.0047597955	0.085055485	-0.09766991	0.0065330905	0.055787083	0.16962065	-0.03387657	0.0068336716	0.0020730272	0.11102789	0.012115237	0.023693856	0.17572133	0.034967985	0.009150053	1.1636885670595802	0
11	22	train	0.04303681	0.058056343	0.1494873	0.0034440344	-0.0012369296	-0.051451016	0.06462167	-0.0068964195	-0.0011782346	-0.032988068	0.12079085	-0.008947431	-0.036717005	-7.559094e-05	0.013732257	0.0714168	0.031637777	-0.0010128488	-0.091004826	-0.041716672	0.017998055	0.07600043	0.15745609	-0.05359183	-0.024940616	0.014684453	0.12188935	-0.01840266	-0.060828477	0.22846666	0.09161608	-0.012405468	0.8209408677357715	0
14	26	train	0.051386327	0.07871423	0.123499446	0.051741183	-0.035582244	0.066351295	0.0025190753	-0.025908701	0.021750348	0.045942146	-0.022820003	0.021129234	0.028825462	0.023670692	0.02069738	0.052377246	0.02192505	-0.007142776	-0.0021390833	-0.06911368	0.05348044	-0.000834948	0.2503031	-0.0019369604	0.013178168	0.013773387	0.07756831	0.016744152	-0.032925956	0.13740014	0.0017495628	-0.02736339	0.9489586116396822	0
21	24	train	0.015575521	0.06238163	0.16697618	0.044803992	0.0020249682	0.0014519352	0.032824066	0.013489544	0.0011713099	0.013560983	0.031502385	0.1364626	0.07414323	-5.4838896e-05	0.027972037	0.06589385	0.033364642	0.00454829	0.0809306	-0.0028890762	0.0405495	0.1237635	0.24375135	0.05108798	0.030618027	0.05343417	0.10411171	0.0057076034	0.13397068	0.16832374	0.08921743	0.08089348	1.9315630184100883	0
11	12	train	0.19124737	0.07723122	0.11027401	0.015579321	-0.0013758647	0.015341761	0.09430964	-0.0034434346	-0.0013935799	0.06384144	0.09850206	0.0006960227	0.06597071	0.018289337	0.00033883104	0.1524955	0.05681558	0.010589985	0.23095557	-0.0786295	0.00866161	0.10143162	0.10427963	0.0314883	0.0037297818	0.004970905	0.1316972	0.013006824	0.03975355	0.097494885	0.06807776	0.01786208	1.7400901296641678	0
13	29	train	0.050256032	0.1285216	0.12693213	0.0659497	-0.007474105	0.00797639	-0.0014831417	-0.0053559416	-0.08567648	0.103279844	-0.049849194	-0.0023177213	0.05653377	0.115244366	0.02027282	0.06843157	0.05981218	0.026282078	0.30133647	0.10854819	0.034260806	0.026137603	0.150887	-0.0072643044	0.005436239	0.011516034	0.056537908	-0.0040731565	0.01994486	0.06443375	-0.020371351	-0.025701337	1.3989646127447486	0
7	8	train	0.0670096	0.015935753	0.084322	0.06232917	0.05204609	0.030071786	0.18788788	0.023729019	0.011214889	7.2725793e-06	0.023143435	0.049278967	-0.016449975	0.010790104	0.0790895	0.07479519	-0.0004987584	-0.00048475713	-0.013081222	-0.0031059987	0.07594623	0.09872088	0.28140914	-0.027524577	0.0017862704	0.0030935558	0.035313584	0.0029231647	0.0029668398	0.18677163	0.030433254	0.020763326	1.4506332316645967	0
16	17	train	0.02069202	0.084196486	0.13640048	0.04147998	-0.00015744778	0.05181852	-0.013696274	0.0060112113	0.027978059	0.07003155	0.0019273838	0.047217295	0.043963738	0.105051935	0.033954624	0.030620068	0.07530686	0.0058292686	0.13608289	0.13138983	0.06336222	0.0010737041	0.26565608	0.031964105	-0.00089004927	0.039234295	0.057131525	0.008082959	0.0027645053	0.104922794	2.0143152e-05	-0.002369205	1.6070515502051421	0
7	9	train	0.058208816	0.038794238	0.054500967	0.13951342	0.03200356	0.019485092	0.19413365	0.0154032875	0.012829081	-0.0004735617	0.0016803382	0.10667759	0.08306953	0.00074945303	0.064725265	0.06912035	0.00096557813	0.0014192343	0.007712315	0.0011589368	0.035419464	0.14439066	0.26514426	0.026574038	0.00046681447	0.002787434	0.019515082	0.004433408	0.024505395	0.15284319	0.043370508	0.013695526	1.6348229222057853	0
20	27	train	-8.914754e-06	0.112672396	0.20548762	0.0178375	0.013318382	-0.058698174	-0.00039905714	0.04315021	0.0024347506	-0.01817848	-0.00052218256	0.09410345	-0.035875723	-0.0015412704	0.03294195	0.03838856	0.042378727	0.00069748925	-0.11214353	0.10134921	0.02442518	0.03515818	0.2793063	0.0104681235	-0.013013415	0.024544785	0.09878205	-0.022821425	-0.03011245	0.092836134	0.04885461	-0.00690035	1.018920632206573	0
28	6	train	0.09888212	0.035809882	0.14261708	0.023338765	0.008928458	0.023721518	0.113526374	-0.0056042955	-0.0013985693	-0.034363624	0.06959301	0.0040960363	-0.086865	0.008586565	0.019396551	0.09018822	0.0076396605	-0.02761295	-0.102863915	-0.0113084	0.03000343	0.10446726	0.19131601	-0.054372616	-0.0072491253	-0.0075761527	0.102898255	-0.016251974	-0.056047063	0.19341274	0.05456766	-0.06868552	0.8427903816336766	0
13	16	train	0.0599627	0.062054686	0.11044116	0.063405335	0.0038572936	0.0037292733	0.026188832	-0.00086547446	-0.018487182	0.041906036	-0.0036658286	-0.0016386939	0.02456326	0.077631295	0.028955178	0.051872987	0.049613774	0.009636905	0.1334023	0.05756773	0.06537857	0.019997014	0.18826899	-0.014089776	0.010258367	0.008508076	0.05790034	-0.0009624087	0.0037546367	0.06641527	5.051803e-05	-0.006808288	1.1788028844821383	0
12	23	train	0.0879843	0.07889314	0.13627124	0.10983526	-0.01207468	-0.0030922564	0.07480473	0.0026697484	0.008380121	0.056537487	-0.024722382	-0.013455008	-0.06993317	0.006670082	0.00039900714	0.07553437	0.0021501393	0.06895793	-0.114234395	0.100941435	0.014614369	0.15486534	0.1348276	-0.046864837	-0.0030538249	0.016490951	0.03904947	-0.015982538	-0.06756572	0.06451011	0.021395171	-0.03000623	0.8547969610954169	0
11	24	train	0.0639162	0.05178925	0.118531406	0.01585143	0.0013124635	-0.0058247834	0.08121857	-0.0037156777	-0.0003758787	-0.022560664	0.08499554	-0.008858251	-0.07406287	0.0008835058	0.014803149	0.13231938	0.03548234	-0.0024646218	-0.12793519	0.0071069156	0.013061116	0.10042889	0.19227399	-0.036353093	-0.010958342	0.012509113	0.1248749	-0.008950289	-0.06616111	0.22491622	0.09827745	-0.013157246	0.9931738036102615	0
19	25	train	0.030915134	0.062030118	0.12356978	0.04029356	-0.004237259	0.0072738035	0.003742652	-0.001463857	0.0068425345	-0.03578003	0.0013815851	0.13415289	0.053061157	0.0020498026	0.0069263037	0.06969448	0.019284742	-0.011211932	0.023602745	0.0116388975	0.025326177	0.08760232	0.28337935	0.05395218	0.007255643	0.032964732	0.08111389	0.0057360055	0.049255125	0.14189069	0.056988627	0.0102537675	1.3794856062158942	0
22	26	train	0.024296116	0.07376849	0.15127602	0.015382124	-0.013416902	-0.035704236	0.045416567	-0.023005778	-0.015463399	-0.021072151	0.08019712	0.06855988	-0.012909817	-7.912013e-05	0.038505666	0.04341912	0.0074428525	0.0014192262	0.0008829758	-0.023460643	0.06319187	0.08102428	0.19771557	-0.0028748126	-0.02870205	0.02594858	0.077761866	-0.012079479	0.048648752	0.18135998	0.07627476	0.039173886	1.1528973024978768	0
26	28	train	0.079642795	0.061525892	0.1377512	0.035356484	0.017765917	0.063270405	0.10846178	0.020955859	-0.0051974864	0.024686543	0.08262851	0.0023341067	0.027265206	0.012510097	0.02699754	0.094715215	0.0028502017	-0.011159973	-0.001870518	-0.008483081	0.03409207	0.08580438	0.17498213	0.0023809779	0.006796346	-0.0038322525	0.07604003	0.01374287	-0.03348238	0.17155345	0.066704296	-0.029065464	1.337723153294064	0
14	22	train	0.028920112	0.084715515	0.18594734	0.010316056	0.008957081	-0.040942576	0.0014688035	0.027808404	-0.015993526	-0.0738296	-0.027760701	0.048692085	-0.05977226	-0.00039834518	0.013664701	0.033441696	0.057833586	-0.007172624	-0.145204	0.088048756	0.053946123	-0.00088893867	0.22159997	0.04617143	-0.051779404	0.033473045	0.106811605	-0.021308359	-0.08185698	0.13817327	0.0020353561	-0.06285479	0.6022628357168287	0
18	9	train	0.04742006	0.08550172	0.086228415	0.07678603	0.009381142	0.0447409	-0.06847683	-0.030540954	-0.030637346	0.031121949	-0.0074242023	0.09436637	-0.10056148	0.0056497212	0.056507215	0.04489567	-0.037403673	0.011060294	-0.056556504	0.067480095	0.037421852	-0.01054594	0.2507934	0.039588667	0.002142247	0.018187797	0.030887803	-0.00983773	-0.026298981	0.13165295	-0.018153522	-0.0128277	0.7625494336243719	0
16	9	train	0.028027473	0.046869766	0.07323652	0.08607375	0.008012057	0.034922726	0.04493871	-0.005175179	-0.009959787	0.01852392	-0.00040808326	0.07132186	-0.040994674	0.0034291625	0.06504564	0.038688228	-0.03602418	0.0022167643	-0.02988623	0.027702712	0.04659383	0.020101916	0.28660965	0.02243388	0.006613897	0.01144174	0.02522153	-0.004330311	-0.004607383	0.14803459	5.694747e-05	0.0027149303	0.9874463666383235	0
16	21	train	0.011571115	0.05425079	0.13797759	0.044842377	0.0013281172	-0.018819185	0.016039075	0.0050827544	-0.0034938983	-0.022603167	-0.0020147604	0.07414468	-0.033246815	-0.0011241275	0.037385218	0.03373495	0.06080089	-0.0018557359	-0.07059858	0.023576645	0.06625124	0.016541393	0.27718446	0.04640725	-0.035773385	0.04091003	0.064075254	-0.0057063545	-0.00954814	0.14968492	6.356363e-05	0.0057679513	0.9628361097347806	0
12	9	train	0.1128849	0.0803705	0.08245432	0.084523775	-0.0128060235	0.007096594	0.10679093	-0.012728504	0.012379291	0.03144891	0.007394657	-0.010314109	-0.081432834	0.0034629786	0.0011139648	0.087091796	-0.031653795	0.02334514	-0.061848097	0.037558105	0.018912034	0.15190521	0.1366935	-0.021391692	0.0019266959	0.0059386846	0.04321973	-0.0062943124	-0.03884351	0.07215918	0.055369012	-0.051691327	0.8350357074523345	0
11	31	train	0.1693624	0.06591596	0.16118352	0.010648368	-0.0021368254	-0.0017037947	0.05131681	-0.0020638492	-0.0022870665	0.037520695	0.124682195	0.0025895145	0.059637744	0.015745314	0.0067452216	0.16977178	0.026499515	0.010237717	0.18754892	-0.08903603	0.012238352	0.09911359	0.121534415	0.06251434	0.005458233	0.0011525003	0.14805515	0.010086055	0.041154563	0.076872915	0.11309535	0.020012109	1.713465672568418	0
10	28	train	0.10373161	0.05859332	0.1406772	0.028826239	-0.017900601	0.011385694	0.0774476	-0.017171433	0.0019655975	0.059675105	-0.009922136	0.0021978524	0.025775319	0.02459212	-0.0071168714	0.105238706	0.016566992	0.052664492	0.11867265	0.02530253	0.012482793	0.067056276	0.16688468	-0.035876393	0.007316855	-0.0013147882	0.0953768	0.011513719	0.03242369	0.13268994	0.029618537	0.049244326	1.3686184069374576	0
18	22	train	0.025525304	0.11235748	0.1757118	0.012603118	-0.0027520582	-0.041417275	-0.024781302	0.0295829	-0.033284225	-0.06485374	-0.07987605	0.112448916	-0.059396315	-0.0005255827	0.031818748	0.030514795	0.041660924	-0.0070596565	-0.13909768	0.1012155	0.060699705	-0.007992774	0.21269272	0.07451411	-0.018751998	0.0653786	0.08268305	-0.016981352	-0.05351536	0.14199607	-0.021618191	-0.03215253	0.7073476522928104	0
13	18	train	0.1014517	0.11320267	0.13003303	0.05656363	0.004516421	0.004777721	-0.039906092	-0.0051075364	-0.0568685	0.07040613	-0.06669191	-0.0021681655	0.0602546	0.12790154	0.025154283	0.060195897	0.05151366	0.048082247	0.2524496	0.14022727	0.052508824	-0.0104909055	0.16474192	-0.024863977	0.003322694	0.013524443	0.07090824	-0.002186429	0.021431496	0.059065696	-0.016103968	0.03216829	1.440014525083825	0
10	23	train	0.045820728	0.05247791	0.12529643	0.09928926	-0.043450188	-0.0030243173	0.06277111	0.0040819985	0.0036439586	0.04394449	0.0029925369	0.0706744	-0.017744802	0.0032202506	-0.006456834	0.06155993	0.0026383575	0.030993968	-0.04206983	0.12538475	0.011023007	0.08517546	0.21930979	0.05041936	-0.00559519	0.006877257	0.032920826	-0.014886973	-0.04027043	0.11627073	0.010989581	-0.015371032	1.0789064944256097	0
21	28	train	0.034378055	0.05832487	0.19175678	0.022375282	0.002527035	-0.022727009	0.062370267	-0.022806123	0.0012340827	-0.023229916	0.046126712	0.0046926118	-0.07762952	-0.0007418613	0.0181933	0.077581935	0.0113924295	-0.014697856	-0.12195517	0.0061319866	0.030145533	0.099184595	0.17666021	-0.062376603	-0.01650069	-0.009263836	0.09937241	-0.013351392	-0.0847732	0.16173552	0.07273451	-0.056590334	0.6502746222540736	0
1	11	train	0.0465878	0.045017846	0.13752407	0.00044886104	-0.0022144602	-0.021221451	0.024935532	-0.0071385647	-0.0008633074	-0.043293353	0.10238198	-0.005288283	-0.049691405	0.0043673073	0.014086475	0.08164168	0.06511789	-0.003973272	-0.079113916	-0.017745504	0.0180444	0.062044267	0.20485568	-0.06412451	-0.010804351	0.014444037	0.16748488	-0.00067401933	-0.041646913	0.18538892	0.1034349	-0.008337854	0.9216753592481837	0
1	15	train	0.03669379	0.08432065	0.09629106	0.0015354529	-0.022699002	-0.024991516	0.014335731	-0.0040387134	-0.024089785	-0.051935673	-0.00011723589	0.045916297	-0.027190391	0.012655009	0.025897153	0.06446116	-8.113838e-05	-0.002636554	-0.06325727	0.006423291	0.026184997	0.037023548	0.22540933	0.020519068	-0.0051787165	0.035012018	0.072057866	-0.0004189229	-0.021841615	0.1698234	0.07200367	0.01785738	0.8159443214244675	0
16	18	train	0.028162709	0.08716484	0.115128815	0.058056507	0.0019152177	0.06077444	-0.015219075	0.0060056075	0.031673267	0.073927864	0.0035946667	0.060488287	0.053724367	0.12592372	0.04584279	0.028944675	0.08514491	0.00700902	0.17058024	0.14071536	0.07196972	-0.001411626	0.29534906	0.04591435	0.009626492	0.042639792	0.05213347	0.008257217	0.0041484255	0.12431026	-1.652192e-05	-0.0024315042	1.8200473659417185	0
15	17	train	0.046491183	0.14865275	0.09566416	0.03459108	-0.00084932597	0.09712063	-0.031288214	-0.0046787974	0.08501185	0.07179497	6.0718878e-05	0.04316095	0.036478817	0.07213074	0.023404168	0.06566106	-7.398741e-05	0.0027689212	0.13471535	0.0477471	0.021896584	0.0031961512	0.18935455	0.012981434	-0.00018378464	0.033955067	0.044375822	0.012368478	0.009406595	0.13753	0.01894322	-0.009250266	1.443137966292852	0
8	24	test	0.043430977	0.02213853	0.137123	0.03842149	0.01986624	-0.0041582566	0.08900851	-0.021158744	0.002918845	0.00017067372	0.08788201	0.060637973	-0.018103909	0.0024084765	0.059468556	0.08177328	0.01021112	0.0018557588	-0.05811008	0.009097893	0.06114827	0.10283189	0.26750073	-0.025579993	-0.02166095	0.016585734	0.07415699	0.0028558127	0.007826682	0.20342079	0.056087915	0.057725653	1.3677818755531916	1
3	24	test	0.010057655	0.06490243	0.12682466	0.053497814	-0.0007925068	-0.0013888547	0.012467524	0.0038070136	-0.00071511674	-0.0035831097	-0.018794587	0.131656	0.06801934	0.00090406544	0.038917877	0.0505006	0.031899802	0.004219346	0.020711534	-0.006008295	0.043328807	0.07962726	0.30416688	0.057837956	-0.0026419347	0.05490502	0.08937985	0.0028395604	0.07311859	0.15041515	0.05249368	0.05249862	1.5450726422131993	1
10	26	test	0.05622754	0.065275684	0.102606155	0.06290104	-0.053703066	0.010412448	0.055618975	-0.01756336	-0.007952949	0.03169732	-0.007916246	0.02801388	0.0058856164	0.009242165	-0.0153746335	0.07555986	0.01640091	-0.006669531	-0.0008252522	-0.05492765	0.022937935	0.059474777	0.21299046	-0.001817232	0.0078642955	0.0036632016	0.070832565	0.007952425	-0.01894962	0.13949001	0.029112516	-0.028893966	0.8595662786974572	1
12	26	test	0.10796731	0.09813278	0.11159351	0.06958207	-0.014923925	0.010646356	0.06628149	-0.01148696	-0.018289635	0.040780697	0.06539885	-0.005333289	0.023195513	0.019143231	0.00095009245	0.09271236	0.013365983	-0.014838922	-0.0022408501	-0.0442197	0.030411249	0.10813656	0.13094258	0.0016891187	0.004292291	0.008783978	0.08401898	0.00853766	-0.03179367	0.07739278	0.05667798	-0.056404732	1.0311017342610285	1
1	23	test	0.021432947	0.04598657	0.16994552	0.0031645005	-0.019434249	0.004277356	0.019778421	0.00553464	0.0051913923	-0.03834026	-0.025696177	0.10222927	0.052676063	0.0015927476	0.016588222	0.040438917	0.0024643335	-0.025872432	0.039131034	0.022780973	0.030445553	0.0947289	0.26486668	0.09543814	0.008846254	0.047918018	0.04966086	0.00082822214	0.07078371	0.12266754	0.032507055	0.0140066305	1.2765673608519137	1
3	22	test	0.006772139	0.072756365	0.15994644	0.01162345	0.00074689696	-0.012267921	0.009919803	0.0070659416	-0.0022416147	-0.005239202	-0.026709802	0.13298145	0.033720896	-7.7349985e-05	0.036102474	0.027256714	0.028443411	0.0017339615	0.014732847	0.03526791	0.059706554	0.06025862	0.24908686	0.08526487	-0.0060129054	0.06445303	0.08724292	0.005838411	0.06722518	0.15278955	0.048935596	0.04949896	1.4568224517497583	1
11	27	test	0.028256895	0.0818099	0.12664057	0.009304148	-0.0037647854	0.08182384	0.012765505	-0.0065725828	0.002349561	0.049323075	-0.012828254	-0.0047760676	0.04263885	0.014784972	0.017208965	0.081525356	0.035512473	0.001944213	0.12013448	-0.11498158	0.0108153215	0.035867088	0.1876382	-0.0055720806	0.0056367544	0.004729442	0.10512997	0.028570741	0.0123247905	0.14983173	0.06546004	0.0018222332	1.1653537651291117	1
8	27	test	0.019200524	0.03497156	0.14650409	0.022551859	-0.056986064	0.05841325	0.013989887	-0.03742725	-0.01824526	-0.0003731341	-0.013263905	0.03269393	0.010422629	0.0403045	0.06913342	0.05038261	0.010219792	-0.0014639124	0.05456688	-0.14719327	0.050634123	0.036725298	0.26105118	-0.003920816	0.011141963	0.0062707295	0.062431462	-0.009116206	-0.0014579898	0.13551219	0.037358698	-0.007994804	0.867037964228075	1
14	32	test	0.11291132	0.07964509	0.19623421	0.037732366	0.0010294764	0.023754058	0.002304685	0.0037491873	-0.031834234	0.09306577	-0.02958953	-0.0068005687	0.08300669	0.08674248	0.008819166	0.08851363	0.009844752	0.072926186	0.3048613	0.14603622	0.034029502	-0.0012074496	0.17512086	-0.060534436	0.012064907	-0.005593883	0.119184025	0.009884653	0.056626964	0.06435213	0.0027065072	0.089176804	1.778762849746272	1
4	23	test	0.044598974	0.04691449	0.114486255	0.048916876	0.010146117	-0.0006392007	0.08715398	0.0018218925	0.0019753904	-0.040606175	-0.02374068	0.125955	0.05384575	0.0013420547	0.01706608	0.049173873	0.00089822005	-0.020475646	0.03877882	0.01617913	0.031517763	0.122905254	0.24022865	0.08209551	0.007263257	0.022467118	0.041788943	0.016117925	0.06018284	0.15820085	0.029638993	0.019568378	1.4057666776352562	1
2	26	test	0.035461817	0.04517951	0.11225951	0.047684405	-0.018179798	-0.02828073	0.054689042	-0.017621012	-0.023791134	-0.022163458	0.017831827	0.072715975	-0.030817432	-0.0026027344	0.04645785	0.064186566	0.012076551	0.0022240414	0.001008376	-0.014677966	0.04322635	0.09477231	0.29620263	-0.004256291	-0.008273453	0.020185273	0.0853601	-0.013170694	0.04169525	0.16217496	0.06387925	0.028841555	1.164278435986489	1
14	24	test	0.04295076	0.075570606	0.14744128	0.047480434	-0.009504051	-0.0046351203	0.0018460391	0.0149827115	-0.0051022316	-0.05049234	-0.01953406	0.04820677	-0.12056825	0.0046558524	0.014730323	0.06195999	0.06486142	-0.01745355	-0.20412873	-0.015000121	0.039148487	-0.001174666	0.27060187	0.031319596	-0.022750698	0.028514381	0.10942784	-0.010363501	-0.08903311	0.13602601	0.002183346	-0.06666382	0.5055034671677276	1
14	28	test	0.09480027	0.07065615	0.16932274	0.023711907	-0.011860469	0.07255312	0.0035077296	-0.02533055	-0.0053756703	0.086493194	-0.028602341	0.0016577118	0.1262375	0.06298443	0.009580754	0.07295029	0.022147072	0.05640137	0.30760375	0.03183735	0.029103981	-0.0009413823	0.19612029	-0.038240112	0.012260823	-0.004943514	0.104446545	0.024242602	0.056337863	0.13070194	0.0017799729	0.046635743	1.6987810645368882	1
6	23	test	0.043678593	0.032072388	0.1270242	0.08038817	0.021672076	-0.0063010124	0.092012875	0.0013322548	-0.002592763	-0.025305223	-0.020989398	0.13171262	0.059801478	0.0011243802	0.017597662	0.05275607	0.0012166454	-0.016250702	0.036465585	-0.05603791	0.026494715	0.13269523	0.251416	0.07641327	0.0055433973	0.03962855	0.035516977	0.02101343	0.069610804	0.16947961	0.020246636	0.02143937	1.4408759733196348	1
15	30	test	0.077952884	0.102125645	0.07384857	0.027610503	-0.07162526	0.06947913	0.06021721	-0.0030488684	-0.02699982	0.056329135	-8.247797e-05	0.018786093	0.03706814	0.01622747	-0.011215559	0.1256254	-8.328304e-05	0.00420005	0.13799489	0.0305465	0.009328407	0.020358035	0.18980941	-0.0033846283	0.0027054471	-0.0066739167	0.051949203	0.014563463	0.028446117	0.20339373	0.0637507	-0.027723158	1.271479151881067	1
14	25	test	0.050178606	0.074113145	0.108928405	0.05776377	-0.006798242	-0.0072783283	0.0024850585	-0.0013983931	-0.006958553	0.04924744	-0.0004885763	0.04315686	-0.06581812	0.012681241	0.0074886205	0.057624895	0.024826385	0.014606411	-0.037320495	0.15978754	0.02248361	-0.00089878915	0.25401646	0.041788924	-0.008741558	0.017130246	0.057383828	-0.013857712	-0.030928746	0.12063977	0.0011618993	-0.007548367	0.9894572265329771	1
9	27	test	0.0166788	0.085135296	0.094691955	0.05047856	-0.035041187	0.037849016	0.01445494	-0.024295261	-0.020871354	0.024297021	-0.000963031	0.070774816	-0.052632485	0.0027994476	0.056577414	0.046559997	-0.019785147	0.0042859293	-0.032171074	0.054922007	0.023614516	0.053714983	0.24596292	0.0037854132	0.002911782	0.0056502116	0.03450103	-0.013826064	-0.012042651	0.110895395	0.053239975	-0.0052733864	0.8768797845696099	1
14	31	test	0.11380908	0.09618422	0.20049626	0.031895492	0.015473572	-0.0013558089	0.0011663936	0.008322051	-0.03104497	0.08397394	-0.028655028	-0.0140921865	0.097085334	0.08297382	0.006712038	0.07949749	0.048440892	0.07249976	0.29924625	0.18792276	0.036682386	-0.0011592817	0.17104466	-0.05385852	0.011331879	0.0026271115	0.12974069	0.011678598	0.055381764	0.046491604	0.0025125428	0.101395346	1.8644201284041628	1
3	32	test	0.02644012	0.06840173	0.16879492	0.04251433	8.584413e-05	0.0071176006	0.015565064	0.00095264515	-0.004461811	0.006604267	-0.0284694	-0.018572822	-0.046828743	0.016843507	0.023300452	0.07214319	0.0048417943	-0.017629698	-0.030932173	0.058494776	0.03766321	0.08184957	0.19684257	-0.111789055	0.0014010424	-0.010771135	0.09734863	-0.002708358	-0.046504986	0.07115945	0.065071926	-0.07022789	0.6745405597539502	0
31	5	test	0.103718445	0.09549068	0.19843103	0.035117477	-0.0072959918	0.00021463537	0.043686066	0.0050555933	0.002405176	-0.004518581	0.02992268	-0.04014153	-0.07912099	-0.0017261105	0.0066867843	0.09177791	0.0002864272	0.018322004	-0.087501146	0.093996845	0.019801944	0.13974693	0.12977406	-0.11718379	-0.01987716	0.0031352732	0.082752936	-0.008051469	-0.07482081	0.055976544	0.10615047	-0.06403241	0.7581799280305859	0
16	25	test	0.026176488	0.053883057	0.087423734	0.07910581	0.001783923	-0.0057470025	0.027515281	-0.00025207904	-0.004707736	0.02574864	-7.727117e-05	0.07532725	-0.026662515	0.010155571	0.02007239	0.045311317	0.01722432	0.0028813884	-0.018891973	0.07540728	0.03149891	0.015404078	0.27862462	0.03821729	-0.009773885	0.021048248	0.03627204	-0.0048611383	-0.0035424232	0.13940406	3.8713366e-05	0.00081722136	1.0348256074903475	0
10	5	test	0.060994584	0.07442188	0.12482358	0.046446107	-0.016904684	-0.0018902144	0.067370564	0.012896994	0.0006372694	-0.005975879	-0.002861479	0.05667312	-0.022208009	-0.00096799637	-0.005435546	0.06718668	0.0007535478	0.0085184015	-0.039682724	0.103111774	0.010570696	0.07865797	0.1811204	0.063501984	-0.024886075	0.0056394837	0.06205717	-0.00967132	-0.043076474	0.12795499	0.032820694	-0.029277276	0.9833202128647827	0
20	28	test	-4.4507648e-05	0.0666881	0.22087291	0.015176711	-0.0057941745	-0.0654063	-0.004824337	-0.041241936	-0.00041038165	-0.014243468	0.005065939	0.0060018357	-0.06524559	-0.0012459533	0.018430453	0.07335813	0.01445803	0.0028572602	-0.17996335	0.01329583	0.021928862	0.07889337	0.20743008	-0.08338652	-0.013634271	-0.011255056	0.111993514	-0.01672365	-0.10228645	0.13390417	0.05979625	-0.034854665	0.4095908407725801	0
16	29	test	0.013950933	0.09896026	0.112383336	0.0676903	-0.0031694432	0.10146274	-0.00056562905	0.0062976903	0.047718048	0.108445935	0.002686851	0.064660646	0.05040679	0.11346228	0.036946494	0.03290473	0.0988612	0.0038311775	0.20361309	0.108926006	0.04695859	0.0035170005	0.27051	0.013414418	0.015749844	0.03630769	0.041568052	0.015382589	0.0038606622	0.13560794	-2.0900057e-05	0.0019426865	1.8542719878460048	0
16	5	test	0.029079206	0.065246835	0.120580316	0.052321553	0.0029391432	-0.009510808	0.033785135	0.0034295253	-0.0011791098	-0.004528571	-0.0013045843	0.07460878	-0.044060517	-0.0019854251	0.019613314	0.03662109	0.00069889525	0.0017996506	-0.05206818	0.06122822	0.03452818	0.018925494	0.23346998	0.061900813	-0.046626195	0.026053833	0.042956192	-0.0071432497	-0.0085726725	0.14564185	6.571886e-05	0.0030017886	0.8915161963304854	0
1	10	test	0.03425576	0.054474864	0.14212576	0.0016344801	0.024202216	-0.0026500847	0.012513708	0.019513054	0.0042848918	-0.06685072	-0.008162505	0.03815612	-0.016516931	0.008985998	-0.010412378	0.055150356	0.08904342	-0.026273023	-0.048699666	0.02976658	0.023197247	0.05169289	0.24533087	0.051830865	-0.013386079	0.008756814	0.13402227	-0.00037066208	-0.03225475	0.11382585	0.03823719	-0.04460841	0.9108159858733416	0
18	3	test	0.01264176	0.10296567	0.12339014	0.04776606	-0.0006086013	0.023062533	-0.009283041	0.008465322	0.0065617017	0.010033955	0.021868236	0.09464587	-0.07481956	0.030532733	0.045186702	0.030002492	0.060357556	-0.008589352	-0.034190614	0.1194339	0.05685676	-0.0055832765	0.30266285	0.09271426	0.0009998089	0.066820666	0.0673668	-0.0064495867	-0.02974551	0.11895746	-0.011922093	-0.017686669	1.2444149320363067	0
10	32	test	0.12354894	0.066047624	0.16303587	0.045870718	0.0015537535	0.0037277027	0.05088543	0.0025415528	0.0116400905	0.06420979	-0.01026459	-0.009016433	0.016948402	0.033868395	-0.0065511405	0.12769051	0.007364311	0.06809446	0.11761462	0.11606135	0.014595364	0.086008705	0.14901564	-0.056792647	0.0071999384	-0.001487762	0.108834535	0.0046945917	0.032590076	0.06533094	0.04503596	0.09416493	1.5440616208361462	0
1	2	test	0.021604564	0.037703894	0.15549718	0.0012390766	0.008193041	0.007197763	0.012304483	0.019577108	0.012818193	0.046743482	0.018386543	0.09904231	0.08648362	-0.002530594	0.0314633	0.046849106	0.06556571	0.00876108	0.05950614	0.007954333	0.043715026	0.082371965	0.34117797	0.121397406	0.014082521	0.048252515	0.16150981	0.00061388535	0.07097081	0.1323371	0.083900794	0.044527493	1.8892176283989102	0
12	24	test	0.09024342	0.09421364	0.13322723	0.063852176	-0.0039861943	-0.0007437254	0.04857267	0.0066427803	0.0042904117	-0.044819687	0.055981807	-0.012168005	-0.097019866	0.0037653337	0.00067618076	0.10967466	0.039540917	-0.036259275	-0.21384016	-0.009597244	0.022261491	0.15213443	0.14156161	-0.02731213	-0.0074101817	0.01818505	0.11852799	-0.005284236	-0.08597136	0.07661879	0.07073061	-0.13741554	0.5688736082520336	0
18	4	test	0.05749711	0.088881835	0.10889775	0.025390776	0.0025722466	0.0025528453	-0.042136665	0.01008002	-0.0092798555	-0.09014391	-0.062550485	0.08188641	-0.08216968	0.025586348	0.033579748	0.042418655	0.031254068	-0.021917332	-0.11983443	0.030577963	0.06299919	-0.00846586	0.25097975	0.07669401	-0.0066697733	0.030151915	0.095603436	-0.012103927	-0.031152556	0.14859918	-0.022253614	-0.030190993	0.6673341747373343	0
11	7	test	0.09861623	0.037278928	0.072889335	0.025714945	0.003438426	0.042123817	0.1714441	0.004167042	-0.0014442144	-0.0009613326	0.022383293	-0.0071988795	-0.06729665	0.003958153	0.019687273	0.12102795	-0.0017331218	0.0006438029	-0.028799625	-0.002426284	0.016221924	0.09641393	0.20227109	-0.039116647	0.0009036798	0.0023331882	0.059465468	-0.0091613745	-0.025079517	0.20650774	0.05332526	-0.004732527	1.0728654052945785	0
10	3	test	0.015672494	0.06438009	0.10848706	0.04753096	0.0029895615	0.0035777013	0.012148193	0.0053943703	-0.0011528804	0.007880955	0.0026365207	0.054336824	-0.015373437	0.009035391	-0.0144150825	0.04743333	0.062677294	-0.008148602	-0.013769703	0.082571626	0.021672804	0.044232022	0.26833054	0.053897794	0.0016475223	0.009098934	0.07946878	-0.003843669	-0.026185494	0.11751554	0.018677717	-0.036509555	1.0218956067692488	0
14	8	test	0.061849955	0.026481416	0.14118096	0.028079754	-0.04965402	0.06825825	0.0039280877	-0.044226673	-0.012869342	-0.00054409425	-0.035538148	0.018875947	0.020039888	0.0616491	0.029652817	0.053241473	0.026820587	-0.0038382323	0.10013935	-0.15732343	0.0713121	-0.00080191705	0.2773251	-0.025407905	0.022635074	0.010334587	0.07220385	-0.008139322	-0.00487022	0.1565464	0.0011993222	-0.038018085	0.8705226175952703	0
18	30	test	0.058700614	0.105520755	0.123974234	0.02953658	-0.015546764	0.047492437	-0.040166628	0.023116583	-0.027333803	0.09231382	-0.047630318	0.027192004	0.109586954	0.038937986	-0.014135538	0.067983165	0.08801435	0.04411691	0.26379156	0.20475267	0.021679956	-0.0035879053	0.23301671	-0.014706771	0.0042438107	-0.012258295	0.08190754	0.021621937	0.047719136	0.13799945	-0.021609519	0.033549123	1.7097927434369922	0
3	30	test	0.015573909	0.0683293	0.11285092	0.027240638	0.004219326	0.014067402	0.016078454	0.0055214474	-0.0018408679	0.007457561	-0.015927132	0.03215711	-0.06221548	0.005730502	-0.016038593	0.060724564	0.060090564	-0.010835799	-0.027940081	0.07134479	0.021325234	0.02704971	0.2728885	-0.016828638	0.0013607955	-0.012084753	0.08642464	-0.0074339043	-0.059944052	0.14848913	0.048915964	-0.051649023	0.8251021463656798	0
